          Time          EPELX           EPELY           EPELZ          EPELXY          EPELYZ          EPELXZ           EPEL1          EPEL2          EPEL3         EPELINT          EPELEQ
   1.00000E-05     0.0000         0.0000         0.0000         0.0000         0.0000         0.0000         0.0000         0.0000         0.0000         0.0000         0.0000
   2.00000E-05     0.0000         0.0000         0.0000         0.0000         0.0000         0.0000         0.0000         0.0000         0.0000         0.0000         0.0000
   3.50000E-05     0.0000         0.0000         0.0000         0.0000         0.0000         0.0000         0.0000         0.0000         0.0000         0.0000         0.0000
   5.75000E-05     0.0000         0.0000         0.0000         0.0000         0.0000         0.0000         0.0000         0.0000         0.0000         0.0000         0.0000
   7.87500E-05     0.0000         0.0000         0.0000         0.0000         0.0000         0.0000         0.0000         0.0000         0.0000         0.0000         0.0000
   1.00000E-04     0.0000         0.0000         0.0000         0.0000         0.0000         0.0000         0.0000         0.0000         0.0000         0.0000         0.0000
   1.09900E-03    4.98000E-04   -1.00000E-03    4.98000E-04   -7.58942E-19    5.96311E-19    8.13152E-19    4.98000E-04    4.98000E-04   -1.00000E-03    1.49800E-03    9.98667E-04
   2.09800E-03    9.96000E-04   -2.00000E-03    9.96000E-04    2.16840E-19    1.95156E-18   -1.95156E-18    9.96000E-04    9.96000E-04   -2.00000E-03    2.99600E-03    1.99733E-03
   3.09800E-03    1.49450E-03   -3.00100E-03    1.49450E-03    5.42101E-18   -3.14419E-18   -2.71051E-18    1.49450E-03    1.49450E-03   -3.00100E-03    4.49550E-03    2.99700E-03
   4.09800E-03    1.99300E-03   -4.00200E-03    1.99300E-03   -4.33681E-18   -7.58942E-18    3.03577E-18    1.99300E-03    1.99300E-03   -4.00200E-03    5.99500E-03    3.99667E-03
   5.09800E-03    2.27519E-03   -4.56865E-03    2.27519E-03   -1.06915E-17   -8.11766E-18    1.18795E-18    2.27519E-03    2.27519E-03   -4.56865E-03    6.84383E-03    4.56256E-03
   6.09800E-03    2.21011E-03   -4.43797E-03    2.21011E-03   -2.09538E-17   -1.11173E-18    5.95562E-18    2.21011E-03    2.21011E-03   -4.43797E-03    6.64808E-03    4.43206E-03
   7.09800E-03    2.14503E-03   -4.30730E-03    2.14503E-03   -1.14391E-17   -1.35841E-17    9.35037E-18    2.14503E-03    2.14503E-03   -4.30730E-03    6.45233E-03    4.30155E-03
   8.09800E-03    2.07996E-03   -4.17662E-03    2.07996E-03   -8.99783E-18   -7.27382E-18    2.16822E-17    2.07996E-03    2.07996E-03   -4.17662E-03    6.25658E-03    4.17105E-03
   9.09800E-03    2.01488E-03   -4.04595E-03    2.01488E-03   -1.17722E-17   -4.66594E-18    6.09683E-18    2.01488E-03    2.01488E-03   -4.04595E-03    6.06083E-03    4.04055E-03
   1.00980E-02    1.94981E-03   -3.91527E-03    1.94981E-03   -1.78745E-17    1.42642E-18    8.09169E-18    1.94981E-03    1.94981E-03   -3.91527E-03    5.86508E-03    3.91005E-03
   1.10980E-02    1.88473E-03   -3.78460E-03    1.88473E-03   -1.17533E-17   -2.23976E-18    6.56090E-18    1.88473E-03    1.88473E-03   -3.78460E-03    5.66933E-03    3.77955E-03
   1.20980E-02    1.81965E-03   -3.65392E-03    1.81965E-03   -1.22813E-17   -3.69570E-18    7.65600E-18    1.81965E-03    1.81965E-03   -3.65392E-03    5.47358E-03    3.64905E-03
   1.30980E-02    1.75458E-03   -3.52325E-03    1.75458E-03   -1.65116E-17   -5.42144E-18    1.19888E-18    1.75458E-03    1.75458E-03   -3.52325E-03    5.27783E-03    3.51855E-03
   1.40980E-02    1.68950E-03   -3.39258E-03    1.68950E-03   -2.21302E-17   -4.87963E-19   -6.25336E-18    1.68950E-03    1.68950E-03   -3.39258E-03    5.08208E-03    3.38805E-03
   1.50980E-02    1.62443E-03   -3.26190E-03    1.62443E-03   -3.57362E-17    4.78769E-18   -1.34947E-19    1.62443E-03    1.62443E-03   -3.26190E-03    4.88633E-03    3.25755E-03
   1.60980E-02    1.55935E-03   -3.13123E-03    1.55935E-03   -3.64300E-17    8.29203E-18    1.13647E-17    1.55935E-03    1.55935E-03   -3.13123E-03    4.69058E-03    3.12705E-03
   1.70980E-02    1.49427E-03   -3.00055E-03    1.49427E-03   -4.02944E-17    8.53729E-18    8.24928E-18    1.49427E-03    1.49427E-03   -3.00055E-03    4.49483E-03    2.99655E-03
   1.80980E-02    1.42920E-03   -2.86988E-03    1.42920E-03   -5.87357E-17    1.85571E-17    5.91407E-18    1.42920E-03    1.42920E-03   -2.86988E-03    4.29908E-03    2.86605E-03
   1.90980E-02    1.36412E-03   -2.73920E-03    1.36412E-03   -7.46791E-17    2.96924E-17   -1.11381E-19    1.36412E-03    1.36412E-03   -2.73920E-03    4.10332E-03    2.73555E-03
   2.00980E-02    1.29905E-03   -2.60853E-03    1.29905E-03   -9.07618E-17    3.58170E-17    1.73639E-18    1.29905E-03    1.29905E-03   -2.60853E-03    3.90757E-03    2.60505E-03
   2.10980E-02    1.23397E-03   -2.47785E-03    1.23397E-03   -1.14655E-16    5.25503E-17   -5.94031E-19    1.23397E-03    1.23397E-03   -2.47785E-03    3.71182E-03    2.47455E-03
   2.20980E-02    1.16889E-03   -2.34718E-03    1.16889E-03   -1.46349E-16    7.40472E-17   -3.91034E-18    1.16889E-03    1.16889E-03   -2.34718E-03    3.51607E-03    2.34405E-03
   2.30980E-02    1.10382E-03   -2.21650E-03    1.10382E-03   -1.82930E-16    1.02373E-16   -2.01355E-18    1.10382E-03    1.10382E-03   -2.21650E-03    3.32032E-03    2.21355E-03
   2.40980E-02    1.10382E-03   -2.21650E-03    1.10382E-03   -2.35863E-16    1.34402E-16   -3.77561E-18    1.10382E-03    1.10382E-03   -2.21650E-03    3.32032E-03    2.21355E-03
   2.50980E-02    1.10382E-03   -2.21650E-03    1.10382E-03   -2.89037E-16    1.70195E-16   -8.57257E-18    1.10382E-03    1.10382E-03   -2.21650E-03    3.32032E-03    2.21355E-03
   2.60980E-02    1.10382E-03   -2.21650E-03    1.10382E-03   -3.34014E-16    2.07384E-16   -1.96403E-17    1.10382E-03    1.10382E-03   -2.21650E-03    3.32032E-03    2.21355E-03
   2.70980E-02    1.10382E-03   -2.21650E-03    1.10382E-03   -3.69764E-16    2.28812E-16   -1.94970E-17    1.10382E-03    1.10382E-03   -2.21650E-03    3.32032E-03    2.21355E-03
   2.80980E-02    1.10382E-03   -2.21650E-03    1.10382E-03   -4.00354E-16    2.56110E-16   -2.11902E-17    1.10382E-03    1.10382E-03   -2.21650E-03    3.32032E-03    2.21355E-03
   2.90980E-02    1.10382E-03   -2.21650E-03    1.10382E-03   -4.14251E-16    2.66545E-16   -2.23561E-17    1.10382E-03    1.10382E-03   -2.21650E-03    3.32032E-03    2.21355E-03
   3.00980E-02    1.10382E-03   -2.21650E-03    1.10382E-03   -4.25015E-16    2.81496E-16   -2.67426E-17    1.10382E-03    1.10382E-03   -2.21650E-03    3.32032E-03    2.21355E-03
   3.10980E-02    1.10382E-03   -2.21650E-03    1.10382E-03   -4.26455E-16    2.91194E-16   -1.96096E-17    1.10382E-03    1.10382E-03   -2.21650E-03    3.32032E-03    2.21355E-03
   3.20980E-02    1.10382E-03   -2.21650E-03    1.10382E-03   -4.34613E-16    2.93093E-16   -2.00731E-17    1.10382E-03    1.10382E-03   -2.21650E-03    3.32032E-03    2.21355E-03
   3.30980E-02    1.10382E-03   -2.21650E-03    1.10382E-03   -4.25897E-16    2.90221E-16   -2.09896E-17    1.10382E-03    1.10382E-03   -2.21650E-03    3.32032E-03    2.21355E-03
   3.40980E-02    1.10382E-03   -2.21650E-03    1.10382E-03   -4.22284E-16    2.91826E-16   -1.92317E-17    1.10382E-03    1.10382E-03   -2.21650E-03    3.32032E-03    2.21355E-03
   3.50980E-02    1.10382E-03   -2.21650E-03    1.10382E-03   -4.17407E-16    2.88153E-16   -2.04102E-17    1.10382E-03    1.10382E-03   -2.21650E-03    3.32032E-03    2.21355E-03
   3.60980E-02    1.10382E-03   -2.21650E-03    1.10382E-03   -4.14048E-16    2.88013E-16   -2.95835E-17    1.10382E-03    1.10382E-03   -2.21650E-03    3.32032E-03    2.21355E-03
   3.70980E-02    1.10382E-03   -2.21650E-03    1.10382E-03   -4.09347E-16    2.75972E-16   -2.39549E-17    1.10382E-03    1.10382E-03   -2.21650E-03    3.32032E-03    2.21355E-03
   3.80980E-02    1.10382E-03   -2.21650E-03    1.10382E-03   -3.98942E-16    2.68874E-16   -2.36626E-17    1.10382E-03    1.10382E-03   -2.21650E-03    3.32032E-03    2.21355E-03
   3.90980E-02    1.10382E-03   -2.21650E-03    1.10382E-03   -3.94166E-16    2.72349E-16   -2.70450E-17    1.10382E-03    1.10382E-03   -2.21650E-03    3.32032E-03    2.21355E-03
   4.00980E-02    1.10382E-03   -2.21650E-03    1.10382E-03   -3.86099E-16    2.65185E-16   -1.62342E-17    1.10382E-03    1.10382E-03   -2.21650E-03    3.32032E-03    2.21355E-03
   4.10980E-02    1.10382E-03   -2.21650E-03    1.10382E-03   -3.78156E-16    2.59057E-16   -2.31243E-17    1.10382E-03    1.10382E-03   -2.21650E-03    3.32032E-03    2.21355E-03
   4.20980E-02    1.10382E-03   -2.21650E-03    1.10382E-03   -3.82242E-16    2.59616E-16   -1.59234E-17    1.10382E-03    1.10382E-03   -2.21650E-03    3.32032E-03    2.21355E-03
   4.30980E-02    1.10382E-03   -2.21650E-03    1.10382E-03   -3.80277E-16    2.49250E-16   -2.52994E-17    1.10382E-03    1.10382E-03   -2.21650E-03    3.32032E-03    2.21355E-03
   4.40980E-02    1.10382E-03   -2.21650E-03    1.10382E-03   -3.71757E-16    2.57641E-16   -2.93666E-17    1.10382E-03    1.10382E-03   -2.21650E-03    3.32032E-03    2.21355E-03
   4.50980E-02    1.10382E-03   -2.21650E-03    1.10382E-03   -3.65890E-16    2.56252E-16   -2.26110E-17    1.10382E-03    1.10382E-03   -2.21650E-03    3.32032E-03    2.21355E-03
   4.60980E-02    1.10382E-03   -2.21650E-03    1.10382E-03   -3.64240E-16    2.45739E-16   -2.75153E-17    1.10382E-03    1.10382E-03   -2.21650E-03    3.32032E-03    2.21355E-03
   4.70980E-02    1.10382E-03   -2.21650E-03    1.10382E-03   -3.67881E-16    2.52834E-16   -2.49198E-17    1.10382E-03    1.10382E-03   -2.21650E-03    3.32032E-03    2.21355E-03
   4.80980E-02    1.10382E-03   -2.21650E-03    1.10382E-03   -3.58443E-16    2.42191E-16   -1.59653E-17    1.10382E-03    1.10382E-03   -2.21650E-03    3.32032E-03    2.21355E-03
   4.90980E-02    1.10382E-03   -2.21650E-03    1.10382E-03   -3.59111E-16    2.43224E-16   -2.53282E-17    1.10382E-03    1.10382E-03   -2.21650E-03    3.32032E-03    2.21355E-03
   5.00980E-02    1.10382E-03   -2.21650E-03    1.10382E-03   -3.54793E-16    2.37962E-16   -2.46083E-17    1.10382E-03    1.10382E-03   -2.21650E-03    3.32032E-03    2.21355E-03
   5.10980E-02    1.10382E-03   -2.21650E-03    1.10382E-03   -3.49431E-16    2.42701E-16   -1.57508E-17    1.10382E-03    1.10382E-03   -2.21650E-03    3.32032E-03    2.21355E-03
   5.20980E-02    1.10382E-03   -2.21650E-03    1.10382E-03   -3.50516E-16    2.54326E-16   -1.80133E-17    1.10382E-03    1.10382E-03   -2.21650E-03    3.32032E-03    2.21355E-03
   5.30980E-02    1.10382E-03   -2.21650E-03    1.10382E-03   -3.39319E-16    2.43218E-16   -3.03220E-17    1.10382E-03    1.10382E-03   -2.21650E-03    3.32032E-03    2.21355E-03
   5.40980E-02    1.10382E-03   -2.21650E-03    1.10382E-03   -3.43553E-16    2.48709E-16   -1.84908E-17    1.10382E-03    1.10382E-03   -2.21650E-03    3.32032E-03    2.21355E-03
   5.50980E-02    1.10382E-03   -2.21650E-03    1.10382E-03   -3.44080E-16    2.39350E-16   -2.94563E-17    1.10382E-03    1.10382E-03   -2.21650E-03    3.32032E-03    2.21355E-03
   5.60980E-02    1.10382E-03   -2.21650E-03    1.10382E-03   -3.42054E-16    2.32906E-16   -3.34236E-17    1.10382E-03    1.10382E-03   -2.21650E-03    3.32032E-03    2.21355E-03
   5.70980E-02    1.10382E-03   -2.21650E-03    1.10382E-03   -3.33491E-16    2.30857E-16   -2.18210E-17    1.10382E-03    1.10382E-03   -2.21650E-03    3.32032E-03    2.21355E-03
   5.80980E-02    1.10382E-03   -2.21650E-03    1.10382E-03   -3.39540E-16    2.25863E-16   -1.86096E-17    1.10382E-03    1.10382E-03   -2.21650E-03    3.32032E-03    2.21355E-03
   5.90980E-02    1.10382E-03   -2.21650E-03    1.10382E-03   -3.36538E-16    2.26008E-16   -2.11764E-17    1.10382E-03    1.10382E-03   -2.21650E-03    3.32032E-03    2.21355E-03
   6.00980E-02    1.10382E-03   -2.21650E-03    1.10382E-03   -3.27304E-16    2.24913E-16   -8.60946E-18    1.10382E-03    1.10382E-03   -2.21650E-03    3.32032E-03    2.21355E-03
   6.10980E-02    1.10382E-03   -2.21650E-03    1.10382E-03   -3.20946E-16    2.31326E-16   -2.38465E-17    1.10382E-03    1.10382E-03   -2.21650E-03    3.32032E-03    2.21355E-03
   6.20980E-02    1.10382E-03   -2.21650E-03    1.10382E-03   -3.21345E-16    2.22602E-16   -2.11989E-17    1.10382E-03    1.10382E-03   -2.21650E-03    3.32032E-03    2.21355E-03
   6.30980E-02    1.10382E-03   -2.21650E-03    1.10382E-03   -3.24009E-16    2.30929E-16   -3.72938E-17    1.10382E-03    1.10382E-03   -2.21650E-03    3.32032E-03    2.21355E-03
   6.40980E-02    1.10382E-03   -2.21650E-03    1.10382E-03   -3.13898E-16    2.25913E-16   -2.80697E-17    1.10382E-03    1.10382E-03   -2.21650E-03    3.32032E-03    2.21355E-03
   6.50980E-02    1.10382E-03   -2.21650E-03    1.10382E-03   -3.16492E-16    2.15291E-16   -3.36633E-17    1.10382E-03    1.10382E-03   -2.21650E-03    3.32032E-03    2.21355E-03
   6.60980E-02    1.10382E-03   -2.21650E-03    1.10382E-03   -3.08722E-16    2.17533E-16   -2.79588E-17    1.10382E-03    1.10382E-03   -2.21650E-03    3.32032E-03    2.21355E-03
   6.70980E-02    1.10382E-03   -2.21650E-03    1.10382E-03   -3.08150E-16    2.11910E-16   -2.64197E-17    1.10382E-03    1.10382E-03   -2.21650E-03    3.32032E-03    2.21355E-03
   6.80980E-02    1.10382E-03   -2.21650E-03    1.10382E-03   -3.17312E-16    2.08038E-16   -3.49162E-17    1.10382E-03    1.10382E-03   -2.21650E-03    3.32032E-03    2.21355E-03
   6.90980E-02    1.10382E-03   -2.21650E-03    1.10382E-03   -2.94952E-16    2.02982E-16   -2.88215E-17    1.10382E-03    1.10382E-03   -2.21650E-03    3.32032E-03    2.21355E-03
   7.00980E-02    1.10382E-03   -2.21650E-03    1.10382E-03   -3.03446E-16    2.11446E-16   -2.22357E-17    1.10382E-03    1.10382E-03   -2.21650E-03    3.32032E-03    2.21355E-03
   7.10980E-02    1.10382E-03   -2.21650E-03    1.10382E-03   -2.90182E-16    2.05329E-16   -2.24788E-17    1.10382E-03    1.10382E-03   -2.21650E-03    3.32032E-03    2.21355E-03
   7.20980E-02    1.10382E-03   -2.21650E-03    1.10382E-03   -2.95383E-16    1.82005E-16   -3.93697E-17    1.10382E-03    1.10382E-03   -2.21650E-03    3.32032E-03    2.21355E-03
   7.30980E-02    1.10382E-03   -2.21650E-03    1.10382E-03   -2.79852E-16    1.85056E-16   -2.71101E-17    1.10382E-03    1.10382E-03   -2.21650E-03    3.32032E-03    2.21355E-03
   7.40980E-02    1.10382E-03   -2.21650E-03    1.10382E-03   -2.88270E-16    1.89546E-16   -2.10571E-17    1.10382E-03    1.10382E-03   -2.21650E-03    3.32032E-03    2.21355E-03
   7.50980E-02    1.10382E-03   -2.21650E-03    1.10382E-03   -2.84510E-16    2.06972E-16   -2.88344E-17    1.10382E-03    1.10382E-03   -2.21650E-03    3.32032E-03    2.21355E-03
   7.60980E-02    1.10382E-03   -2.21650E-03    1.10382E-03   -2.77143E-16    1.99859E-16   -1.74664E-17    1.10382E-03    1.10382E-03   -2.21650E-03    3.32032E-03    2.21355E-03
   7.70980E-02    1.10382E-03   -2.21650E-03    1.10382E-03   -2.76848E-16    1.83016E-16   -1.91946E-17    1.10382E-03    1.10382E-03   -2.21650E-03    3.32032E-03    2.21355E-03
   7.80980E-02    1.10382E-03   -2.21650E-03    1.10382E-03   -2.81423E-16    1.90530E-16   -1.56066E-17    1.10382E-03    1.10382E-03   -2.21650E-03    3.32032E-03    2.21355E-03
   7.90980E-02    1.10382E-03   -2.21650E-03    1.10382E-03   -2.84573E-16    1.88537E-16   -1.79139E-17    1.10382E-03    1.10382E-03   -2.21650E-03    3.32032E-03    2.21355E-03
   8.00980E-02    1.10382E-03   -2.21650E-03    1.10382E-03   -2.77187E-16    1.82387E-16   -3.62263E-17    1.10382E-03    1.10382E-03   -2.21650E-03    3.32032E-03    2.21355E-03
   8.10980E-02    1.10382E-03   -2.21650E-03    1.10382E-03   -2.72100E-16    1.87708E-16   -2.25565E-17    1.10382E-03    1.10382E-03   -2.21650E-03    3.32032E-03    2.21355E-03
   8.20980E-02    1.10382E-03   -2.21650E-03    1.10382E-03   -2.78154E-16    1.86594E-16   -2.26997E-17    1.10382E-03    1.10382E-03   -2.21650E-03    3.32032E-03    2.21355E-03
   8.30980E-02    1.10382E-03   -2.21650E-03    1.10382E-03   -2.58431E-16    1.78660E-16   -2.51873E-17    1.10382E-03    1.10382E-03   -2.21650E-03    3.32032E-03    2.21355E-03
   8.40980E-02    1.10382E-03   -2.21650E-03    1.10382E-03   -2.59185E-16    1.68418E-16   -2.92894E-17    1.10382E-03    1.10382E-03   -2.21650E-03    3.32032E-03    2.21355E-03
   8.50980E-02    1.10382E-03   -2.21650E-03    1.10382E-03   -2.64482E-16    1.82867E-16   -2.73360E-17    1.10382E-03    1.10382E-03   -2.21650E-03    3.32032E-03    2.21355E-03
   8.60980E-02    1.10382E-03   -2.21650E-03    1.10382E-03   -2.63352E-16    1.56981E-16   -2.59909E-17    1.10382E-03    1.10382E-03   -2.21650E-03    3.32032E-03    2.21355E-03
   8.70980E-02    1.10382E-03   -2.21650E-03    1.10382E-03   -2.67351E-16    1.65435E-16   -3.46209E-17    1.10382E-03    1.10382E-03   -2.21650E-03    3.32032E-03    2.21355E-03
   8.80980E-02    1.10382E-03   -2.21650E-03    1.10382E-03   -2.55771E-16    1.76035E-16   -3.81745E-17    1.10382E-03    1.10382E-03   -2.21650E-03    3.32032E-03    2.21355E-03
   8.90980E-02    1.10382E-03   -2.21650E-03    1.10382E-03   -2.57353E-16    1.92890E-16   -2.86761E-17    1.10382E-03    1.10382E-03   -2.21650E-03    3.32032E-03    2.21355E-03
   9.00980E-02    1.10382E-03   -2.21650E-03    1.10382E-03   -2.48886E-16    1.85384E-16   -1.49683E-17    1.10382E-03    1.10382E-03   -2.21650E-03    3.32032E-03    2.21355E-03
   9.10980E-02    1.10382E-03   -2.21650E-03    1.10382E-03   -2.52612E-16    1.73049E-16   -2.70307E-17    1.10382E-03    1.10382E-03   -2.21650E-03    3.32032E-03    2.21355E-03
   9.20980E-02    1.10382E-03   -2.21650E-03    1.10382E-03   -2.50400E-16    1.62165E-16   -2.10025E-17    1.10382E-03    1.10382E-03   -2.21650E-03    3.32032E-03    2.21355E-03
   9.30980E-02    1.10382E-03   -2.21650E-03    1.10382E-03   -2.39320E-16    1.64227E-16   -1.68515E-17    1.10382E-03    1.10382E-03   -2.21650E-03    3.32032E-03    2.21355E-03
   9.40980E-02    1.10382E-03   -2.21650E-03    1.10382E-03   -2.26912E-16    1.60869E-16   -2.11603E-17    1.10382E-03    1.10382E-03   -2.21650E-03    3.32032E-03    2.21355E-03
   9.50980E-02    1.10382E-03   -2.21650E-03    1.10382E-03   -2.37481E-16    1.75280E-16   -3.60727E-17    1.10382E-03    1.10382E-03   -2.21650E-03    3.32032E-03    2.21355E-03
   9.60980E-02    1.10382E-03   -2.21650E-03    1.10382E-03   -2.44759E-16    1.32643E-16   -2.24507E-17    1.10382E-03    1.10382E-03   -2.21650E-03    3.32032E-03    2.21355E-03
   9.70980E-02    1.10382E-03   -2.21650E-03    1.10382E-03   -2.40214E-16    1.53454E-16   -2.74050E-17    1.10382E-03    1.10382E-03   -2.21650E-03    3.32032E-03    2.21355E-03
   9.80980E-02    1.10382E-03   -2.21650E-03    1.10382E-03   -2.41862E-16    1.82119E-16   -3.08165E-17    1.10382E-03    1.10382E-03   -2.21650E-03    3.32032E-03    2.21355E-03
   9.90490E-02    1.10382E-03   -2.21650E-03    1.10382E-03   -2.27354E-16    1.56464E-16   -1.66970E-17    1.10382E-03    1.10382E-03   -2.21650E-03    3.32032E-03    2.21355E-03
   0.10000        1.10382E-03   -2.21650E-03    1.10382E-03   -2.17208E-16    1.40950E-16   -1.89540E-17    1.10382E-03    1.10382E-03   -2.21650E-03    3.32032E-03    2.21355E-03
   7.88861E-31     0.0000         0.0000         0.0000         0.0000         0.0000         0.0000         0.0000         0.0000         0.0000         0.0000         0.0000
   7.88861E-31     0.0000         0.0000         0.0000         0.0000         0.0000         0.0000         0.0000         0.0000         0.0000         0.0000         0.0000
   7.88861E-31     0.0000         0.0000         0.0000         0.0000         0.0000         0.0000         0.0000         0.0000         0.0000         0.0000         0.0000
   7.88861E-31     0.0000         0.0000         0.0000         0.0000         0.0000         0.0000         0.0000         0.0000         0.0000         0.0000         0.0000
   7.88861E-31     0.0000         0.0000         0.0000         0.0000         0.0000         0.0000         0.0000         0.0000         0.0000         0.0000         0.0000
   7.88861E-31     0.0000         0.0000         0.0000         0.0000         0.0000         0.0000         0.0000         0.0000         0.0000         0.0000         0.0000
   7.88861E-31     0.0000         0.0000         0.0000         0.0000         0.0000         0.0000         0.0000         0.0000         0.0000         0.0000         0.0000
   7.88861E-31     0.0000         0.0000         0.0000         0.0000         0.0000         0.0000         0.0000         0.0000         0.0000         0.0000         0.0000
   7.88861E-31     0.0000         0.0000         0.0000         0.0000         0.0000         0.0000         0.0000         0.0000         0.0000         0.0000         0.0000
   7.88861E-31     0.0000         0.0000         0.0000         0.0000         0.0000         0.0000         0.0000         0.0000         0.0000         0.0000         0.0000
   7.88861E-31     0.0000         0.0000         0.0000         0.0000         0.0000         0.0000         0.0000         0.0000         0.0000         0.0000         0.0000
   7.88861E-31     0.0000         0.0000         0.0000         0.0000         0.0000         0.0000         0.0000         0.0000         0.0000         0.0000         0.0000
   7.88861E-31     0.0000         0.0000         0.0000         0.0000         0.0000         0.0000         0.0000         0.0000         0.0000         0.0000         0.0000
   7.88861E-31     0.0000         0.0000         0.0000         0.0000         0.0000         0.0000         0.0000         0.0000         0.0000         0.0000         0.0000
   7.88861E-31     0.0000         0.0000         0.0000         0.0000         0.0000         0.0000         0.0000         0.0000         0.0000         0.0000         0.0000
   7.88861E-31     0.0000         0.0000         0.0000         0.0000         0.0000         0.0000         0.0000         0.0000         0.0000         0.0000         0.0000
   7.88861E-31     0.0000         0.0000         0.0000         0.0000         0.0000         0.0000         0.0000         0.0000         0.0000         0.0000         0.0000
   7.88861E-31     0.0000         0.0000         0.0000         0.0000         0.0000         0.0000         0.0000         0.0000         0.0000         0.0000         0.0000
   7.88861E-31     0.0000         0.0000         0.0000         0.0000         0.0000         0.0000         0.0000         0.0000         0.0000         0.0000         0.0000
   7.88861E-31     0.0000         0.0000         0.0000         0.0000         0.0000         0.0000         0.0000         0.0000         0.0000         0.0000         0.0000
   7.88861E-31     0.0000         0.0000         0.0000         0.0000         0.0000         0.0000         0.0000         0.0000         0.0000         0.0000         0.0000
   7.88861E-31     0.0000         0.0000         0.0000         0.0000         0.0000         0.0000         0.0000         0.0000         0.0000         0.0000         0.0000
   7.88861E-31     0.0000         0.0000         0.0000         0.0000         0.0000         0.0000         0.0000         0.0000         0.0000         0.0000         0.0000
   7.88861E-31     0.0000         0.0000         0.0000         0.0000         0.0000         0.0000         0.0000         0.0000         0.0000         0.0000         0.0000
   7.88861E-31     0.0000         0.0000         0.0000         0.0000         0.0000         0.0000         0.0000         0.0000         0.0000         0.0000         0.0000
   7.88861E-31     0.0000         0.0000         0.0000         0.0000         0.0000         0.0000         0.0000         0.0000         0.0000         0.0000         0.0000
   7.88861E-31     0.0000         0.0000         0.0000         0.0000         0.0000         0.0000         0.0000         0.0000         0.0000         0.0000         0.0000
   7.88861E-31     0.0000         0.0000         0.0000         0.0000         0.0000         0.0000         0.0000         0.0000         0.0000         0.0000         0.0000
   7.88861E-31     0.0000         0.0000         0.0000         0.0000         0.0000         0.0000         0.0000         0.0000         0.0000         0.0000         0.0000
   7.88861E-31     0.0000         0.0000         0.0000         0.0000         0.0000         0.0000         0.0000         0.0000         0.0000         0.0000         0.0000
   7.88861E-31     0.0000         0.0000         0.0000         0.0000         0.0000         0.0000         0.0000         0.0000         0.0000         0.0000         0.0000
   7.88861E-31     0.0000         0.0000         0.0000         0.0000         0.0000         0.0000         0.0000         0.0000         0.0000         0.0000         0.0000
   7.88861E-31     0.0000         0.0000         0.0000         0.0000         0.0000         0.0000         0.0000         0.0000         0.0000         0.0000         0.0000
   7.88861E-31     0.0000         0.0000         0.0000         0.0000         0.0000         0.0000         0.0000         0.0000         0.0000         0.0000         0.0000
   7.88861E-31     0.0000         0.0000         0.0000         0.0000         0.0000         0.0000         0.0000         0.0000         0.0000         0.0000         0.0000
   7.88861E-31     0.0000         0.0000         0.0000         0.0000         0.0000         0.0000         0.0000         0.0000         0.0000         0.0000         0.0000
   7.88861E-31     0.0000         0.0000         0.0000         0.0000         0.0000         0.0000         0.0000         0.0000         0.0000         0.0000         0.0000
   7.88861E-31     0.0000         0.0000         0.0000         0.0000         0.0000         0.0000         0.0000         0.0000         0.0000         0.0000         0.0000
   7.88861E-31     0.0000         0.0000         0.0000         0.0000         0.0000         0.0000         0.0000         0.0000         0.0000         0.0000         0.0000
   7.88861E-31     0.0000         0.0000         0.0000         0.0000         0.0000         0.0000         0.0000         0.0000         0.0000         0.0000         0.0000
   7.88861E-31     0.0000         0.0000         0.0000         0.0000         0.0000         0.0000         0.0000         0.0000         0.0000         0.0000         0.0000
   7.88861E-31     0.0000         0.0000         0.0000         0.0000         0.0000         0.0000         0.0000         0.0000         0.0000         0.0000         0.0000
   7.88861E-31     0.0000         0.0000         0.0000         0.0000         0.0000         0.0000         0.0000         0.0000         0.0000         0.0000         0.0000
   7.88861E-31     0.0000         0.0000         0.0000         0.0000         0.0000         0.0000         0.0000         0.0000         0.0000         0.0000         0.0000
   7.88861E-31     0.0000         0.0000         0.0000         0.0000         0.0000         0.0000         0.0000         0.0000         0.0000         0.0000         0.0000
   7.88861E-31     0.0000         0.0000         0.0000         0.0000         0.0000         0.0000         0.0000         0.0000         0.0000         0.0000         0.0000
   7.88861E-31     0.0000         0.0000         0.0000         0.0000         0.0000         0.0000         0.0000         0.0000         0.0000         0.0000         0.0000
   7.88861E-31     0.0000         0.0000         0.0000         0.0000         0.0000         0.0000         0.0000         0.0000         0.0000         0.0000         0.0000
   7.88861E-31     0.0000         0.0000         0.0000         0.0000         0.0000         0.0000         0.0000         0.0000         0.0000         0.0000         0.0000
   7.88861E-31     0.0000         0.0000         0.0000         0.0000         0.0000         0.0000         0.0000         0.0000         0.0000         0.0000         0.0000
   7.88861E-31     0.0000         0.0000         0.0000         0.0000         0.0000         0.0000         0.0000         0.0000         0.0000         0.0000         0.0000
   7.88861E-31     0.0000         0.0000         0.0000         0.0000         0.0000         0.0000         0.0000         0.0000         0.0000         0.0000         0.0000
   7.88861E-31     0.0000         0.0000         0.0000         0.0000         0.0000         0.0000         0.0000         0.0000         0.0000         0.0000         0.0000
   7.88861E-31     0.0000         0.0000         0.0000         0.0000         0.0000         0.0000         0.0000         0.0000         0.0000         0.0000         0.0000
   7.88861E-31     0.0000         0.0000         0.0000         0.0000         0.0000         0.0000         0.0000         0.0000         0.0000         0.0000         0.0000
   7.88861E-31     0.0000         0.0000         0.0000         0.0000         0.0000         0.0000         0.0000         0.0000         0.0000         0.0000         0.0000
   7.88861E-31     0.0000         0.0000         0.0000         0.0000         0.0000         0.0000         0.0000         0.0000         0.0000         0.0000         0.0000
   7.88861E-31     0.0000         0.0000         0.0000         0.0000         0.0000         0.0000         0.0000         0.0000         0.0000         0.0000         0.0000
   7.88861E-31     0.0000         0.0000         0.0000         0.0000         0.0000         0.0000         0.0000         0.0000         0.0000         0.0000         0.0000
   7.88861E-31     0.0000         0.0000         0.0000         0.0000         0.0000         0.0000         0.0000         0.0000         0.0000         0.0000         0.0000
   7.88861E-31     0.0000         0.0000         0.0000         0.0000         0.0000         0.0000         0.0000         0.0000         0.0000         0.0000         0.0000
   7.88861E-31     0.0000         0.0000         0.0000         0.0000         0.0000         0.0000         0.0000         0.0000         0.0000         0.0000         0.0000
   7.88861E-31     0.0000         0.0000         0.0000         0.0000         0.0000         0.0000         0.0000         0.0000         0.0000         0.0000         0.0000
   7.88861E-31     0.0000         0.0000         0.0000         0.0000         0.0000         0.0000         0.0000         0.0000         0.0000         0.0000         0.0000
   7.88861E-31     0.0000         0.0000         0.0000         0.0000         0.0000         0.0000         0.0000         0.0000         0.0000         0.0000         0.0000
   7.88861E-31     0.0000         0.0000         0.0000         0.0000         0.0000         0.0000         0.0000         0.0000         0.0000         0.0000         0.0000
   7.88861E-31     0.0000         0.0000         0.0000         0.0000         0.0000         0.0000         0.0000         0.0000         0.0000         0.0000         0.0000
   7.88861E-31     0.0000         0.0000         0.0000         0.0000         0.0000         0.0000         0.0000         0.0000         0.0000         0.0000         0.0000
   7.88861E-31     0.0000         0.0000         0.0000         0.0000         0.0000         0.0000         0.0000         0.0000         0.0000         0.0000         0.0000
   7.88861E-31     0.0000         0.0000         0.0000         0.0000         0.0000         0.0000         0.0000         0.0000         0.0000         0.0000         0.0000
   7.88861E-31     0.0000         0.0000         0.0000         0.0000         0.0000         0.0000         0.0000         0.0000         0.0000         0.0000         0.0000
   7.88861E-31     0.0000         0.0000         0.0000         0.0000         0.0000         0.0000         0.0000         0.0000         0.0000         0.0000         0.0000
   7.88861E-31     0.0000         0.0000         0.0000         0.0000         0.0000         0.0000         0.0000         0.0000         0.0000         0.0000         0.0000
   7.88861E-31     0.0000         0.0000         0.0000         0.0000         0.0000         0.0000         0.0000         0.0000         0.0000         0.0000         0.0000
   7.88861E-31     0.0000         0.0000         0.0000         0.0000         0.0000         0.0000         0.0000         0.0000         0.0000         0.0000         0.0000
   7.88861E-31     0.0000         0.0000         0.0000         0.0000         0.0000         0.0000         0.0000         0.0000         0.0000         0.0000         0.0000
   7.88861E-31     0.0000         0.0000         0.0000         0.0000         0.0000         0.0000         0.0000         0.0000         0.0000         0.0000         0.0000
   7.88861E-31     0.0000         0.0000         0.0000         0.0000         0.0000         0.0000         0.0000         0.0000         0.0000         0.0000         0.0000
   7.88861E-31     0.0000         0.0000         0.0000         0.0000         0.0000         0.0000         0.0000         0.0000         0.0000         0.0000         0.0000
   7.88861E-31     0.0000         0.0000         0.0000         0.0000         0.0000         0.0000         0.0000         0.0000         0.0000         0.0000         0.0000
   7.88861E-31     0.0000         0.0000         0.0000         0.0000         0.0000         0.0000         0.0000         0.0000         0.0000         0.0000         0.0000
   7.88861E-31     0.0000         0.0000         0.0000         0.0000         0.0000         0.0000         0.0000         0.0000         0.0000         0.0000         0.0000
   7.88861E-31     0.0000         0.0000         0.0000         0.0000         0.0000         0.0000         0.0000         0.0000         0.0000         0.0000         0.0000
   7.88861E-31     0.0000         0.0000         0.0000         0.0000         0.0000         0.0000         0.0000         0.0000         0.0000         0.0000         0.0000
   7.88861E-31     0.0000         0.0000         0.0000         0.0000         0.0000         0.0000         0.0000         0.0000         0.0000         0.0000         0.0000
   7.88861E-31     0.0000         0.0000         0.0000         0.0000         0.0000         0.0000         0.0000         0.0000         0.0000         0.0000         0.0000
   7.88861E-31     0.0000         0.0000         0.0000         0.0000         0.0000         0.0000         0.0000         0.0000         0.0000         0.0000         0.0000
   7.88861E-31     0.0000         0.0000         0.0000         0.0000         0.0000         0.0000         0.0000         0.0000         0.0000         0.0000         0.0000
   7.88861E-31     0.0000         0.0000         0.0000         0.0000         0.0000         0.0000         0.0000         0.0000         0.0000         0.0000         0.0000
   7.88861E-31     0.0000         0.0000         0.0000         0.0000         0.0000         0.0000         0.0000         0.0000         0.0000         0.0000         0.0000
   7.88861E-31     0.0000         0.0000         0.0000         0.0000         0.0000         0.0000         0.0000         0.0000         0.0000         0.0000         0.0000
   7.88861E-31     0.0000         0.0000         0.0000         0.0000         0.0000         0.0000         0.0000         0.0000         0.0000         0.0000         0.0000
   7.88861E-31     0.0000         0.0000         0.0000         0.0000         0.0000         0.0000         0.0000         0.0000         0.0000         0.0000         0.0000
   7.88861E-31     0.0000         0.0000         0.0000         0.0000         0.0000         0.0000         0.0000         0.0000         0.0000         0.0000         0.0000
   7.88861E-31     0.0000         0.0000         0.0000         0.0000         0.0000         0.0000         0.0000         0.0000         0.0000         0.0000         0.0000
   7.88861E-31     0.0000         0.0000         0.0000         0.0000         0.0000         0.0000         0.0000         0.0000         0.0000         0.0000         0.0000
   7.88861E-31     0.0000         0.0000         0.0000         0.0000         0.0000         0.0000         0.0000         0.0000         0.0000         0.0000         0.0000
   7.88861E-31     0.0000         0.0000         0.0000         0.0000         0.0000         0.0000         0.0000         0.0000         0.0000         0.0000         0.0000
   7.88861E-31     0.0000         0.0000         0.0000         0.0000         0.0000         0.0000         0.0000         0.0000         0.0000         0.0000         0.0000
   7.88861E-31     0.0000         0.0000         0.0000         0.0000         0.0000         0.0000         0.0000         0.0000         0.0000         0.0000         0.0000
   7.88861E-31     0.0000         0.0000         0.0000         0.0000         0.0000         0.0000         0.0000         0.0000         0.0000         0.0000         0.0000
   7.88861E-31     0.0000         0.0000         0.0000         0.0000         0.0000         0.0000         0.0000         0.0000         0.0000         0.0000         0.0000
   7.88861E-31     0.0000         0.0000         0.0000         0.0000         0.0000         0.0000         0.0000         0.0000         0.0000         0.0000         0.0000
   7.88861E-31     0.0000         0.0000         0.0000         0.0000         0.0000         0.0000         0.0000         0.0000         0.0000         0.0000         0.0000
   7.88861E-31     0.0000         0.0000         0.0000         0.0000         0.0000         0.0000         0.0000         0.0000         0.0000         0.0000         0.0000
   7.88861E-31     0.0000         0.0000         0.0000         0.0000         0.0000         0.0000         0.0000         0.0000         0.0000         0.0000         0.0000
   7.88861E-31     0.0000         0.0000         0.0000         0.0000         0.0000         0.0000         0.0000         0.0000         0.0000         0.0000         0.0000
   7.88861E-31     0.0000         0.0000         0.0000         0.0000         0.0000         0.0000         0.0000         0.0000         0.0000         0.0000         0.0000
   7.88861E-31     0.0000         0.0000         0.0000         0.0000         0.0000         0.0000         0.0000         0.0000         0.0000         0.0000         0.0000
   7.88861E-31     0.0000         0.0000         0.0000         0.0000         0.0000         0.0000         0.0000         0.0000         0.0000         0.0000         0.0000
   7.88861E-31     0.0000         0.0000         0.0000         0.0000         0.0000         0.0000         0.0000         0.0000         0.0000         0.0000         0.0000
   7.88861E-31     0.0000         0.0000         0.0000         0.0000         0.0000         0.0000         0.0000         0.0000         0.0000         0.0000         0.0000
   7.88861E-31     0.0000         0.0000         0.0000         0.0000         0.0000         0.0000         0.0000         0.0000         0.0000         0.0000         0.0000
   7.88861E-31     0.0000         0.0000         0.0000         0.0000         0.0000         0.0000         0.0000         0.0000         0.0000         0.0000         0.0000
   7.88861E-31     0.0000         0.0000         0.0000         0.0000         0.0000         0.0000         0.0000         0.0000         0.0000         0.0000         0.0000
   7.88861E-31     0.0000         0.0000         0.0000         0.0000         0.0000         0.0000         0.0000         0.0000         0.0000         0.0000         0.0000
   7.88861E-31     0.0000         0.0000         0.0000         0.0000         0.0000         0.0000         0.0000         0.0000         0.0000         0.0000         0.0000
   7.88861E-31     0.0000         0.0000         0.0000         0.0000         0.0000         0.0000         0.0000         0.0000         0.0000         0.0000         0.0000
   7.88861E-31     0.0000         0.0000         0.0000         0.0000         0.0000         0.0000         0.0000         0.0000         0.0000         0.0000         0.0000
   7.88861E-31     0.0000         0.0000         0.0000         0.0000         0.0000         0.0000         0.0000         0.0000         0.0000         0.0000         0.0000
   7.88861E-31     0.0000         0.0000         0.0000         0.0000         0.0000         0.0000         0.0000         0.0000         0.0000         0.0000         0.0000
   7.88861E-31     0.0000         0.0000         0.0000         0.0000         0.0000         0.0000         0.0000         0.0000         0.0000         0.0000         0.0000
   7.88861E-31     0.0000         0.0000         0.0000         0.0000         0.0000         0.0000         0.0000         0.0000         0.0000         0.0000         0.0000
   7.88861E-31     0.0000         0.0000         0.0000         0.0000         0.0000         0.0000         0.0000         0.0000         0.0000         0.0000         0.0000
   7.88861E-31     0.0000         0.0000         0.0000         0.0000         0.0000         0.0000         0.0000         0.0000         0.0000         0.0000         0.0000
   7.88861E-31     0.0000         0.0000         0.0000         0.0000         0.0000         0.0000         0.0000         0.0000         0.0000         0.0000         0.0000
   7.88861E-31     0.0000         0.0000         0.0000         0.0000         0.0000         0.0000         0.0000         0.0000         0.0000         0.0000         0.0000
   7.88861E-31     0.0000         0.0000         0.0000         0.0000         0.0000         0.0000         0.0000         0.0000         0.0000         0.0000         0.0000
   7.88861E-31     0.0000         0.0000         0.0000         0.0000         0.0000         0.0000         0.0000         0.0000         0.0000         0.0000         0.0000
   7.88861E-31     0.0000         0.0000         0.0000         0.0000         0.0000         0.0000         0.0000         0.0000         0.0000         0.0000         0.0000
   7.88861E-31     0.0000         0.0000         0.0000         0.0000         0.0000         0.0000         0.0000         0.0000         0.0000         0.0000         0.0000
   7.88861E-31     0.0000         0.0000         0.0000         0.0000         0.0000         0.0000         0.0000         0.0000         0.0000         0.0000         0.0000
   7.88861E-31     0.0000         0.0000         0.0000         0.0000         0.0000         0.0000         0.0000         0.0000         0.0000         0.0000         0.0000
   7.88861E-31     0.0000         0.0000         0.0000         0.0000         0.0000         0.0000         0.0000         0.0000         0.0000         0.0000         0.0000
   7.88861E-31     0.0000         0.0000         0.0000         0.0000         0.0000         0.0000         0.0000         0.0000         0.0000         0.0000         0.0000
   7.88861E-31     0.0000         0.0000         0.0000         0.0000         0.0000         0.0000         0.0000         0.0000         0.0000         0.0000         0.0000
   7.88861E-31     0.0000         0.0000         0.0000         0.0000         0.0000         0.0000         0.0000         0.0000         0.0000         0.0000         0.0000
   7.88861E-31     0.0000         0.0000         0.0000         0.0000         0.0000         0.0000         0.0000         0.0000         0.0000         0.0000         0.0000
   7.88861E-31     0.0000         0.0000         0.0000         0.0000         0.0000         0.0000         0.0000         0.0000         0.0000         0.0000         0.0000
   7.88861E-31     0.0000         0.0000         0.0000         0.0000         0.0000         0.0000         0.0000         0.0000         0.0000         0.0000         0.0000
   7.88861E-31     0.0000         0.0000         0.0000         0.0000         0.0000         0.0000         0.0000         0.0000         0.0000         0.0000         0.0000
   7.88861E-31     0.0000         0.0000         0.0000         0.0000         0.0000         0.0000         0.0000         0.0000         0.0000         0.0000         0.0000
   7.88861E-31     0.0000         0.0000         0.0000         0.0000         0.0000         0.0000         0.0000         0.0000         0.0000         0.0000         0.0000
   7.88861E-31     0.0000         0.0000         0.0000         0.0000         0.0000         0.0000         0.0000         0.0000         0.0000         0.0000         0.0000
   7.88861E-31     0.0000         0.0000         0.0000         0.0000         0.0000         0.0000         0.0000         0.0000         0.0000         0.0000         0.0000
   7.88861E-31     0.0000         0.0000         0.0000         0.0000         0.0000         0.0000         0.0000         0.0000         0.0000         0.0000         0.0000
   7.88861E-31     0.0000         0.0000         0.0000         0.0000         0.0000         0.0000         0.0000         0.0000         0.0000         0.0000         0.0000
   7.88861E-31     0.0000         0.0000         0.0000         0.0000         0.0000         0.0000         0.0000         0.0000         0.0000         0.0000         0.0000
   7.88861E-31     0.0000         0.0000         0.0000         0.0000         0.0000         0.0000         0.0000         0.0000         0.0000         0.0000         0.0000
   7.88861E-31     0.0000         0.0000         0.0000         0.0000         0.0000         0.0000         0.0000         0.0000         0.0000         0.0000         0.0000
   7.88861E-31     0.0000         0.0000         0.0000         0.0000         0.0000         0.0000         0.0000         0.0000         0.0000         0.0000         0.0000
   7.88861E-31     0.0000         0.0000         0.0000         0.0000         0.0000         0.0000         0.0000         0.0000         0.0000         0.0000         0.0000
   7.88861E-31     0.0000         0.0000         0.0000         0.0000         0.0000         0.0000         0.0000         0.0000         0.0000         0.0000         0.0000
   7.88861E-31     0.0000         0.0000         0.0000         0.0000         0.0000         0.0000         0.0000         0.0000         0.0000         0.0000         0.0000
   7.88861E-31     0.0000         0.0000         0.0000         0.0000         0.0000         0.0000         0.0000         0.0000         0.0000         0.0000         0.0000
   7.88861E-31     0.0000         0.0000         0.0000         0.0000         0.0000         0.0000         0.0000         0.0000         0.0000         0.0000         0.0000
   7.88861E-31     0.0000         0.0000         0.0000         0.0000         0.0000         0.0000         0.0000         0.0000         0.0000         0.0000         0.0000
   7.88861E-31     0.0000         0.0000         0.0000         0.0000         0.0000         0.0000         0.0000         0.0000         0.0000         0.0000         0.0000
   7.88861E-31     0.0000         0.0000         0.0000         0.0000         0.0000         0.0000         0.0000         0.0000         0.0000         0.0000         0.0000
   7.88861E-31     0.0000         0.0000         0.0000         0.0000         0.0000         0.0000         0.0000         0.0000         0.0000         0.0000         0.0000
   7.88861E-31     0.0000         0.0000         0.0000         0.0000         0.0000         0.0000         0.0000         0.0000         0.0000         0.0000         0.0000
   7.88861E-31     0.0000         0.0000         0.0000         0.0000         0.0000         0.0000         0.0000         0.0000         0.0000         0.0000         0.0000
   7.88861E-31     0.0000         0.0000         0.0000         0.0000         0.0000         0.0000         0.0000         0.0000         0.0000         0.0000         0.0000
   7.88861E-31     0.0000         0.0000         0.0000         0.0000         0.0000         0.0000         0.0000         0.0000         0.0000         0.0000         0.0000
   7.88861E-31     0.0000         0.0000         0.0000         0.0000         0.0000         0.0000         0.0000         0.0000         0.0000         0.0000         0.0000
   7.88861E-31     0.0000         0.0000         0.0000         0.0000         0.0000         0.0000         0.0000         0.0000         0.0000         0.0000         0.0000
   7.88861E-31     0.0000         0.0000         0.0000         0.0000         0.0000         0.0000         0.0000         0.0000         0.0000         0.0000         0.0000
   7.88861E-31     0.0000         0.0000         0.0000         0.0000         0.0000         0.0000         0.0000         0.0000         0.0000         0.0000         0.0000
   7.88861E-31     0.0000         0.0000         0.0000         0.0000         0.0000         0.0000         0.0000         0.0000         0.0000         0.0000         0.0000
   7.88861E-31     0.0000         0.0000         0.0000         0.0000         0.0000         0.0000         0.0000         0.0000         0.0000         0.0000         0.0000
   7.88861E-31     0.0000         0.0000         0.0000         0.0000         0.0000         0.0000         0.0000         0.0000         0.0000         0.0000         0.0000
   7.88861E-31     0.0000         0.0000         0.0000         0.0000         0.0000         0.0000         0.0000         0.0000         0.0000         0.0000         0.0000
   7.88861E-31     0.0000         0.0000         0.0000         0.0000         0.0000         0.0000         0.0000         0.0000         0.0000         0.0000         0.0000
   7.88861E-31     0.0000         0.0000         0.0000         0.0000         0.0000         0.0000         0.0000         0.0000         0.0000         0.0000         0.0000
   7.88861E-31     0.0000         0.0000         0.0000         0.0000         0.0000         0.0000         0.0000         0.0000         0.0000         0.0000         0.0000
   7.88861E-31     0.0000         0.0000         0.0000         0.0000         0.0000         0.0000         0.0000         0.0000         0.0000         0.0000         0.0000
   7.88861E-31     0.0000         0.0000         0.0000         0.0000         0.0000         0.0000         0.0000         0.0000         0.0000         0.0000         0.0000
   7.88861E-31     0.0000         0.0000         0.0000         0.0000         0.0000         0.0000         0.0000         0.0000         0.0000         0.0000         0.0000
   7.88861E-31     0.0000         0.0000         0.0000         0.0000         0.0000         0.0000         0.0000         0.0000         0.0000         0.0000         0.0000
   7.88861E-31     0.0000         0.0000         0.0000         0.0000         0.0000         0.0000         0.0000         0.0000         0.0000         0.0000         0.0000
   7.88861E-31     0.0000         0.0000         0.0000         0.0000         0.0000         0.0000         0.0000         0.0000         0.0000         0.0000         0.0000
   7.88861E-31     0.0000         0.0000         0.0000         0.0000         0.0000         0.0000         0.0000         0.0000         0.0000         0.0000         0.0000
   7.88861E-31     0.0000         0.0000         0.0000         0.0000         0.0000         0.0000         0.0000         0.0000         0.0000         0.0000         0.0000
   7.88861E-31     0.0000         0.0000         0.0000         0.0000         0.0000         0.0000         0.0000         0.0000         0.0000         0.0000         0.0000
   7.88861E-31     0.0000         0.0000         0.0000         0.0000         0.0000         0.0000         0.0000         0.0000         0.0000         0.0000         0.0000
   7.88861E-31     0.0000         0.0000         0.0000         0.0000         0.0000         0.0000         0.0000         0.0000         0.0000         0.0000         0.0000
   7.88861E-31     0.0000         0.0000         0.0000         0.0000         0.0000         0.0000         0.0000         0.0000         0.0000         0.0000         0.0000
   7.88861E-31     0.0000         0.0000         0.0000         0.0000         0.0000         0.0000         0.0000         0.0000         0.0000         0.0000         0.0000
   7.88861E-31     0.0000         0.0000         0.0000         0.0000         0.0000         0.0000         0.0000         0.0000         0.0000         0.0000         0.0000
   7.88861E-31     0.0000         0.0000         0.0000         0.0000         0.0000         0.0000         0.0000         0.0000         0.0000         0.0000         0.0000
   7.88861E-31     0.0000         0.0000         0.0000         0.0000         0.0000         0.0000         0.0000         0.0000         0.0000         0.0000         0.0000
   7.88861E-31     0.0000         0.0000         0.0000         0.0000         0.0000         0.0000         0.0000         0.0000         0.0000         0.0000         0.0000
   7.88861E-31     0.0000         0.0000         0.0000         0.0000         0.0000         0.0000         0.0000         0.0000         0.0000         0.0000         0.0000
   7.88861E-31     0.0000         0.0000         0.0000         0.0000         0.0000         0.0000         0.0000         0.0000         0.0000         0.0000         0.0000
