          Time          EPPLX           EPPLY           EPPLZ          EPPLXY          EPPLYZ          EPPLXZ           EPPL1          EPPL2          EPPL3         EPPLINT         EPPLEQV           EPEQ            PLWK
   1.00000E-05     0.0000         0.0000         0.0000         0.0000         0.0000         0.0000         0.0000         0.0000         0.0000         0.0000         0.0000         0.0000         0.0000
   2.00000E-05     0.0000         0.0000         0.0000         0.0000         0.0000         0.0000         0.0000         0.0000         0.0000         0.0000         0.0000         0.0000         0.0000
   3.50000E-05     0.0000         0.0000         0.0000         0.0000         0.0000         0.0000         0.0000         0.0000         0.0000         0.0000         0.0000         0.0000         0.0000
   5.75000E-05     0.0000         0.0000         0.0000         0.0000         0.0000         0.0000         0.0000         0.0000         0.0000         0.0000         0.0000         0.0000         0.0000
   7.87500E-05     0.0000         0.0000         0.0000         0.0000         0.0000         0.0000         0.0000         0.0000         0.0000         0.0000         0.0000         0.0000         0.0000
   1.00000E-04     0.0000         0.0000         0.0000         0.0000         0.0000         0.0000         0.0000         0.0000         0.0000         0.0000         0.0000         0.0000         0.0000
   1.09900E-03     0.0000         0.0000         0.0000         0.0000         0.0000         0.0000         0.0000         0.0000         0.0000         0.0000         0.0000         0.0000         0.0000
   2.09800E-03     0.0000         0.0000         0.0000         0.0000         0.0000         0.0000         0.0000         0.0000         0.0000         0.0000         0.0000         0.0000         0.0000
   3.09800E-03     0.0000         0.0000         0.0000         0.0000         0.0000         0.0000         0.0000         0.0000         0.0000         0.0000         0.0000         0.0000         0.0000
   4.09800E-03    2.03410E-04   -4.06819E-04    2.03410E-04     0.0000         0.0000         0.0000        2.03410E-04    2.03410E-04   -4.06819E-04    6.10229E-04    4.06819E-04    4.06819E-04   -5.76781E-05
   5.09800E-03    5.88505E-04   -1.17701E-03    5.88505E-04    6.19388E-19     0.0000         0.0000        5.88505E-04    5.88505E-04   -1.17701E-03    1.76551E-03    1.17701E-03    1.17701E-03    1.35051E-05
   6.09800E-03    9.74707E-04   -1.94941E-03    9.74707E-04    1.99286E-18     0.0000         0.0000        9.74707E-04    9.74707E-04   -1.94941E-03    2.92412E-03    1.94941E-03    1.94941E-03    8.50979E-05
   7.09800E-03    1.36046E-03   -2.72093E-03    1.36046E-03    3.07992E-18     0.0000         0.0000        1.36046E-03    1.36046E-03   -2.72093E-03    4.08139E-03    2.72093E-03    2.72093E-03    1.56526E-04
   8.09800E-03    1.74611E-03   -3.49221E-03    1.74611E-03    5.30115E-18     0.0000         0.0000        1.74611E-03    1.74611E-03   -3.49221E-03    5.23832E-03    3.49221E-03    3.49221E-03    2.27912E-04
   9.09800E-03    2.13176E-03   -4.26352E-03    2.13176E-03    7.09937E-18     0.0000         0.0000        2.13176E-03    2.13176E-03   -4.26352E-03    6.39529E-03    4.26352E-03    4.26352E-03    2.99302E-04
   1.00980E-02    2.51743E-03   -5.03485E-03    2.51743E-03    7.07636E-18     0.0000         0.0000        2.51743E-03    2.51743E-03   -5.03485E-03    7.55228E-03    5.03485E-03    5.03485E-03    3.70696E-04
   1.10980E-02    2.90309E-03   -5.80618E-03    2.90309E-03    4.18639E-18     0.0000         0.0000        2.90309E-03    2.90309E-03   -5.80618E-03    8.70927E-03    5.80618E-03    5.80618E-03    1.52195E-03
   1.20980E-02    3.28875E-03   -6.57750E-03    3.28875E-03    1.32538E-18     0.0000         0.0000        3.28875E-03    3.28875E-03   -6.57750E-03    9.86625E-03    6.57750E-03    6.57750E-03    1.59334E-03
   1.30980E-02    3.67441E-03   -7.34883E-03    3.67441E-03    6.04675E-18     0.0000         0.0000        3.67441E-03    3.67441E-03   -7.34883E-03    1.10232E-02    7.34883E-03    7.34883E-03    2.74459E-03
   1.40980E-02    4.06008E-03   -8.12015E-03    4.06008E-03    5.29824E-18     0.0000         0.0000        4.06008E-03    4.06008E-03   -8.12015E-03    1.21802E-02    8.12015E-03    8.12015E-03    3.89584E-03
   1.50980E-02    4.44574E-03   -8.89148E-03    4.44574E-03    7.57105E-18     0.0000         0.0000        4.44574E-03    4.44574E-03   -8.89148E-03    1.33372E-02    8.89148E-03    8.89148E-03    3.96723E-03
   1.60980E-02    4.83140E-03   -9.66281E-03    4.83140E-03    6.69379E-18     0.0000         0.0000        4.83140E-03    4.83140E-03   -9.66281E-03    1.44942E-02    9.66281E-03    9.66281E-03    4.03862E-03
   1.70980E-02    5.21707E-03   -1.04341E-02    5.21707E-03    5.16310E-18     0.0000         0.0000        5.21707E-03    5.21707E-03   -1.04341E-02    1.56512E-02    1.04341E-02    1.04341E-02    5.18987E-03
   1.80980E-02    5.71695E-03   -1.14339E-02    5.71695E-03    2.48118E-18     0.0000         0.0000        5.71695E-03    5.71695E-03   -1.14339E-02    1.71508E-02    1.14339E-02    1.14339E-02    5.18987E-03
   1.90980E-02    6.21798E-03   -1.24360E-02    6.21798E-03    3.11028E-18     0.0000         0.0000        6.21798E-03    6.21798E-03   -1.24360E-02    1.86539E-02    1.24360E-02    1.24360E-02    5.18987E-03
   2.00980E-02    6.71860E-03   -1.34372E-02    6.71860E-03   -2.64134E-19     0.0000         0.0000        6.71860E-03    6.71860E-03   -1.34372E-02    2.01558E-02    1.34372E-02    1.34372E-02    5.18987E-03
   2.10980E-02    7.21908E-03   -1.44382E-02    7.21908E-03    3.68651E-18     0.0000         0.0000        7.21908E-03    7.21908E-03   -1.44382E-02    2.16572E-02    1.44382E-02    1.44382E-02    5.18987E-03
   2.20980E-02    7.71957E-03   -1.54391E-02    7.71957E-03    4.14509E-18     0.0000         0.0000        7.71957E-03    7.71957E-03   -1.54391E-02    2.31587E-02    1.54391E-02    1.54391E-02    5.18987E-03
   2.30980E-02    8.22007E-03   -1.64401E-02    8.22007E-03    5.51740E-18     0.0000         0.0000        8.22007E-03    8.22007E-03   -1.64401E-02    2.46602E-02    1.64401E-02    1.64401E-02    5.18987E-03
   2.40980E-02    8.72057E-03   -1.74411E-02    8.72057E-03    2.78267E-18     0.0000         0.0000        8.72057E-03    8.72057E-03   -1.74411E-02    2.61617E-02    1.74411E-02    1.74411E-02    5.18987E-03
   2.50980E-02    9.22107E-03   -1.84421E-02    9.22107E-03    5.32547E-18     0.0000         0.0000        9.22107E-03    9.22107E-03   -1.84421E-02    2.76632E-02    1.84421E-02    1.84421E-02    5.18987E-03
   2.60980E-02    9.72157E-03   -1.94431E-02    9.72157E-03    5.55296E-18     0.0000         0.0000        9.72157E-03    9.72157E-03   -1.94431E-02    2.91647E-02    1.94431E-02    1.94431E-02    5.18987E-03
   2.70980E-02    1.02221E-02   -2.04441E-02    1.02221E-02    1.83484E-18     0.0000         0.0000        1.02221E-02    1.02221E-02   -2.04441E-02    3.06662E-02    2.04441E-02    2.04441E-02    6.59128E-03
   2.80980E-02    1.07226E-02   -2.14451E-02    1.07226E-02    2.55451E-18     0.0000         0.0000        1.07226E-02    1.07226E-02   -2.14451E-02    3.21677E-02    2.14451E-02    2.14451E-02    7.99268E-03
   2.90980E-02    1.12231E-02   -2.24461E-02    1.12231E-02   -1.71922E-18     0.0000         0.0000        1.12231E-02    1.12231E-02   -2.24461E-02    3.36692E-02    2.24461E-02    2.24461E-02    9.39408E-03
   3.00980E-02    1.17236E-02   -2.34471E-02    1.17236E-02   -3.43358E-18     0.0000         0.0000        1.17236E-02    1.17236E-02   -2.34471E-02    3.51707E-02    2.34471E-02    2.34471E-02    9.39408E-03
   3.10980E-02    1.22241E-02   -2.44481E-02    1.22241E-02   -6.86299E-18     0.0000         0.0000        1.22241E-02    1.22241E-02   -2.44481E-02    3.66722E-02    2.44481E-02    2.44481E-02    1.07955E-02
   3.20980E-02    1.27246E-02   -2.54491E-02    1.27246E-02   -3.93853E-18     0.0000         0.0000        1.27246E-02    1.27246E-02   -2.54491E-02    3.81737E-02    2.54491E-02    2.54491E-02    1.07955E-02
   3.30980E-02    1.32251E-02   -2.64501E-02    1.32251E-02    4.44389E-18     0.0000         0.0000        1.32251E-02    1.32251E-02   -2.64501E-02    3.96752E-02    2.64501E-02    2.64501E-02    1.07955E-02
   3.40980E-02    1.37256E-02   -2.74511E-02    1.37256E-02   -4.00979E-18     0.0000         0.0000        1.37256E-02    1.37256E-02   -2.74511E-02    4.11767E-02    2.74511E-02    2.74511E-02    1.07955E-02
   3.50980E-02    1.42261E-02   -2.84522E-02    1.42261E-02   -3.44441E-18     0.0000         0.0000        1.42261E-02    1.42261E-02   -2.84522E-02    4.26782E-02    2.84522E-02    2.84522E-02    1.07955E-02
   3.60980E-02    1.47266E-02   -2.94532E-02    1.47266E-02   -1.86129E-17     0.0000         0.0000        1.47266E-02    1.47266E-02   -2.94532E-02    4.41797E-02    2.94532E-02    2.94532E-02    1.07955E-02
   3.70980E-02    1.52271E-02   -3.04542E-02    1.52271E-02   -2.38156E-17     0.0000         0.0000        1.52271E-02    1.52271E-02   -3.04542E-02    4.56812E-02    3.04542E-02    3.04542E-02    1.07955E-02
   3.80980E-02    1.57276E-02   -3.14552E-02    1.57276E-02   -2.24143E-17     0.0000         0.0000        1.57276E-02    1.57276E-02   -3.14552E-02    4.71827E-02    3.14552E-02    3.14552E-02    1.07955E-02
   3.90980E-02    1.62281E-02   -3.24562E-02    1.62281E-02   -1.53404E-17     0.0000         0.0000        1.62281E-02    1.62281E-02   -3.24562E-02    4.86842E-02    3.24562E-02    3.24562E-02    1.07955E-02
   4.00980E-02    1.67286E-02   -3.34572E-02    1.67286E-02   -1.12206E-17     0.0000         0.0000        1.67286E-02    1.67286E-02   -3.34572E-02    5.01857E-02    3.34572E-02    3.34572E-02    1.21969E-02
   4.10980E-02    1.72291E-02   -3.44582E-02    1.72291E-02   -2.52927E-17     0.0000         0.0000        1.72291E-02    1.72291E-02   -3.44582E-02    5.16872E-02    3.44582E-02    3.44582E-02    1.35983E-02
   4.20980E-02    1.77296E-02   -3.54592E-02    1.77296E-02   -2.56399E-17     0.0000         0.0000        1.77296E-02    1.77296E-02   -3.54592E-02    5.31887E-02    3.54592E-02    3.54592E-02    1.49997E-02
   4.30980E-02    1.82301E-02   -3.64602E-02    1.82301E-02   -2.00679E-17     0.0000         0.0000        1.82301E-02    1.82301E-02   -3.64602E-02    5.46902E-02    3.64602E-02    3.64602E-02    1.49997E-02
   4.40980E-02    1.87306E-02   -3.74612E-02    1.87306E-02   -9.41126E-18     0.0000         0.0000        1.87306E-02    1.87306E-02   -3.74612E-02    5.61917E-02    3.74612E-02    3.74612E-02    1.49997E-02
   4.50980E-02    1.92311E-02   -3.84622E-02    1.92311E-02   -1.00410E-17     0.0000         0.0000        1.92311E-02    1.92311E-02   -3.84622E-02    5.76932E-02    3.84622E-02    3.84622E-02    1.64011E-02
   4.60980E-02    1.97316E-02   -3.94632E-02    1.97316E-02    3.11537E-18     0.0000         0.0000        1.97316E-02    1.97316E-02   -3.94632E-02    5.91947E-02    3.94632E-02    3.94632E-02    1.78025E-02
   4.70980E-02    2.02321E-02   -4.04642E-02    2.02321E-02   -5.15098E-18     0.0000         0.0000        2.02321E-02    2.02321E-02   -4.04642E-02    6.06962E-02    4.04642E-02    4.04642E-02    1.78025E-02
   4.80980E-02    2.07326E-02   -4.14652E-02    2.07326E-02    5.35917E-18     0.0000         0.0000        2.07326E-02    2.07326E-02   -4.14652E-02    6.21977E-02    4.14652E-02    4.14652E-02    1.78025E-02
   4.90980E-02    2.12331E-02   -4.24662E-02    2.12331E-02    1.43874E-17     0.0000         0.0000        2.12331E-02    2.12331E-02   -4.24662E-02    6.36992E-02    4.24662E-02    4.24662E-02    1.78025E-02
   5.00980E-02    2.17336E-02   -4.34672E-02    2.17336E-02    1.04020E-17     0.0000         0.0000        2.17336E-02    2.17336E-02   -4.34672E-02    6.52007E-02    4.34672E-02    4.34672E-02    1.78025E-02
   5.10980E-02    2.22341E-02   -4.44682E-02    2.22341E-02   -8.48555E-19     0.0000         0.0000        2.22341E-02    2.22341E-02   -4.44682E-02    6.67022E-02    4.44682E-02    4.44682E-02    1.78025E-02
   5.20980E-02    2.27346E-02   -4.54692E-02    2.27346E-02   -6.59922E-18     0.0000         0.0000        2.27346E-02    2.27346E-02   -4.54692E-02    6.82038E-02    4.54692E-02    4.54692E-02    1.78025E-02
   5.30980E-02    2.32351E-02   -4.64702E-02    2.32351E-02   -5.66873E-18     0.0000         0.0000        2.32351E-02    2.32351E-02   -4.64702E-02    6.97053E-02    4.64702E-02    4.64702E-02    1.78025E-02
   5.40980E-02    2.37356E-02   -4.74712E-02    2.37356E-02   -6.82621E-18     0.0000         0.0000        2.37356E-02    2.37356E-02   -4.74712E-02    7.12068E-02    4.74712E-02    4.74712E-02    1.78025E-02
   5.50980E-02    2.42361E-02   -4.84722E-02    2.42361E-02   -9.77725E-18     0.0000         0.0000        2.42361E-02    2.42361E-02   -4.84722E-02    7.27083E-02    4.84722E-02    4.84722E-02    1.78025E-02
   5.60980E-02    2.47366E-02   -4.94732E-02    2.47366E-02   -2.20961E-17     0.0000         0.0000        2.47366E-02    2.47366E-02   -4.94732E-02    7.42098E-02    4.94732E-02    4.94732E-02    1.78025E-02
   5.70980E-02    2.52371E-02   -5.04742E-02    2.52371E-02   -1.70237E-17     0.0000         0.0000        2.52371E-02    2.52371E-02   -5.04742E-02    7.57113E-02    5.04742E-02    5.04742E-02    1.78025E-02
   5.80980E-02    2.57924E-02   -5.15848E-02    2.57924E-02   -7.85725E-18     0.0000         0.0000        2.57924E-02    2.57924E-02   -5.15848E-02    7.73771E-02    5.15848E-02    5.15848E-02    1.77532E-02
   5.90980E-02    2.63483E-02   -5.26967E-02    2.63483E-02    6.60531E-18     0.0000         0.0000        2.63483E-02    2.63483E-02   -5.26967E-02    7.90450E-02    5.26967E-02    5.26967E-02    1.77037E-02
   6.00980E-02    2.69041E-02   -5.38081E-02    2.69041E-02    1.89485E-17     0.0000         0.0000        2.69041E-02    2.69041E-02   -5.38081E-02    8.07122E-02    5.38081E-02    5.38081E-02    1.76543E-02
   6.10980E-02    2.74597E-02   -5.49194E-02    2.74597E-02    1.35844E-17     0.0000         0.0000        2.74597E-02    2.74597E-02   -5.49194E-02    8.23791E-02    5.49194E-02    5.49194E-02    1.76049E-02
   6.20980E-02    2.80153E-02   -5.60307E-02    2.80153E-02    1.59354E-17     0.0000         0.0000        2.80153E-02    2.80153E-02   -5.60307E-02    8.40460E-02    5.60307E-02    5.60307E-02    1.91113E-02
   6.30980E-02    2.85710E-02   -5.71420E-02    2.85710E-02    8.57466E-18     0.0000         0.0000        2.85710E-02    2.85710E-02   -5.71420E-02    8.57130E-02    5.71420E-02    5.71420E-02    2.06177E-02
   6.40980E-02    2.91266E-02   -5.82533E-02    2.91266E-02    1.18570E-17     0.0000         0.0000        2.91266E-02    2.91266E-02   -5.82533E-02    8.73799E-02    5.82533E-02    5.82533E-02    2.21241E-02
   6.50980E-02    2.96823E-02   -5.93646E-02    2.96823E-02    1.94468E-17     0.0000         0.0000        2.96823E-02    2.96823E-02   -5.93646E-02    8.90469E-02    5.93646E-02    5.93646E-02    2.20747E-02
   6.60980E-02    3.02380E-02   -6.04759E-02    3.02380E-02    2.09149E-17     0.0000         0.0000        3.02380E-02    3.02380E-02   -6.04759E-02    9.07139E-02    6.04759E-02    6.04759E-02    2.20253E-02
   6.70980E-02    3.07936E-02   -6.15872E-02    3.07936E-02    4.70689E-17     0.0000         0.0000        3.07936E-02    3.07936E-02   -6.15872E-02    9.23808E-02    6.15872E-02    6.15872E-02    2.19759E-02
   6.80980E-02    3.13493E-02   -6.26985E-02    3.13493E-02    7.39547E-17     0.0000         0.0000        3.13493E-02    3.13493E-02   -6.26985E-02    9.40478E-02    6.26985E-02    6.26985E-02    2.19265E-02
   6.90980E-02    3.19049E-02   -6.38098E-02    3.19049E-02    7.56843E-17     0.0000         0.0000        3.19049E-02    3.19049E-02   -6.38098E-02    9.57147E-02    6.38098E-02    6.38098E-02    2.18771E-02
   7.00980E-02    3.24606E-02   -6.49211E-02    3.24606E-02    7.18722E-17     0.0000         0.0000        3.24606E-02    3.24606E-02   -6.49211E-02    9.73817E-02    6.49211E-02    6.49211E-02    2.33836E-02
   7.10980E-02    3.30162E-02   -6.60324E-02    3.30162E-02    1.06090E-16     0.0000         0.0000        3.30162E-02    3.30162E-02   -6.60324E-02    9.90486E-02    6.60324E-02    6.60324E-02    2.48900E-02
   7.20980E-02    3.35719E-02   -6.71437E-02    3.35719E-02    1.07056E-16     0.0000         0.0000        3.35719E-02    3.35719E-02   -6.71437E-02    0.10072        6.71437E-02    6.71437E-02    2.63964E-02
   7.30980E-02    3.41275E-02   -6.82550E-02    3.41275E-02    9.67795E-17     0.0000         0.0000        3.41275E-02    3.41275E-02   -6.82550E-02    0.10238        6.82550E-02    6.82550E-02    2.63470E-02
   7.40980E-02    3.46832E-02   -6.93663E-02    3.46832E-02    1.16583E-16     0.0000         0.0000        3.46832E-02    3.46832E-02   -6.93663E-02    0.10405        6.93663E-02    6.93663E-02    2.62976E-02
   7.50980E-02    3.52388E-02   -7.04776E-02    3.52388E-02    9.81994E-17     0.0000         0.0000        3.52388E-02    3.52388E-02   -7.04776E-02    0.10572        7.04776E-02    7.04776E-02    2.62482E-02
   7.60980E-02    3.57396E-02   -7.14792E-02    3.57396E-02    1.16496E-16     0.0000         0.0000        3.57396E-02    3.57396E-02   -7.14792E-02    0.10722        7.14792E-02    7.14792E-02    2.76505E-02
   7.70980E-02    3.62399E-02   -7.24797E-02    3.62399E-02    1.57698E-16     0.0000         0.0000        3.62399E-02    3.62399E-02   -7.24797E-02    0.10872        7.24797E-02    7.24797E-02    2.90511E-02
   7.80980E-02    3.67403E-02   -7.34806E-02    3.67403E-02    1.43533E-16     0.0000         0.0000        3.67403E-02    3.67403E-02   -7.34806E-02    0.11022        7.34806E-02    7.34806E-02    3.04524E-02
   7.90980E-02    3.72408E-02   -7.44816E-02    3.72408E-02    1.69042E-16     0.0000         0.0000        3.72408E-02    3.72408E-02   -7.44816E-02    0.11172        7.44816E-02    7.44816E-02    3.04524E-02
   8.00980E-02    3.77413E-02   -7.54827E-02    3.77413E-02    2.05543E-16     0.0000         0.0000        3.77413E-02    3.77413E-02   -7.54827E-02    0.11322        7.54827E-02    7.54827E-02    3.18538E-02
   8.10980E-02    3.82418E-02   -7.64837E-02    3.82418E-02    1.71705E-16     0.0000         0.0000        3.82418E-02    3.82418E-02   -7.64837E-02    0.11473        7.64837E-02    7.64837E-02    3.32552E-02
   8.20980E-02    3.87423E-02   -7.74847E-02    3.87423E-02    1.65438E-16     0.0000         0.0000        3.87423E-02    3.87423E-02   -7.74847E-02    0.11623        7.74847E-02    7.74847E-02    3.46566E-02
   8.30980E-02    3.92428E-02   -7.84857E-02    3.92428E-02    1.28669E-16     0.0000         0.0000        3.92428E-02    3.92428E-02   -7.84857E-02    0.11773        7.84857E-02    7.84857E-02    3.60580E-02
   8.40980E-02    3.97433E-02   -7.94867E-02    3.97433E-02    1.20028E-16     0.0000         0.0000        3.97433E-02    3.97433E-02   -7.94867E-02    0.11923        7.94867E-02    7.94867E-02    3.60580E-02
   8.50980E-02    4.02438E-02   -8.04877E-02    4.02438E-02    1.13031E-16     0.0000         0.0000        4.02438E-02    4.02438E-02   -8.04877E-02    0.12073        8.04877E-02    8.04877E-02    3.60580E-02
   8.60980E-02    4.07443E-02   -8.14887E-02    4.07443E-02    9.15185E-17     0.0000         0.0000        4.07443E-02    4.07443E-02   -8.14887E-02    0.12223        8.14887E-02    8.14887E-02    3.60580E-02
   8.70980E-02    4.12448E-02   -8.24897E-02    4.12448E-02    6.35351E-17     0.0000         0.0000        4.12448E-02    4.12448E-02   -8.24897E-02    0.12373        8.24897E-02    8.24897E-02    3.60580E-02
   8.80980E-02    4.17453E-02   -8.34907E-02    4.17453E-02    3.03124E-17     0.0000         0.0000        4.17453E-02    4.17453E-02   -8.34907E-02    0.12524        8.34907E-02    8.34907E-02    3.60580E-02
   8.90980E-02    4.22458E-02   -8.44917E-02    4.22458E-02    3.51084E-17     0.0000         0.0000        4.22458E-02    4.22458E-02   -8.44917E-02    0.12674        8.44917E-02    8.44917E-02    3.60580E-02
   9.00980E-02    4.27463E-02   -8.54927E-02    4.27463E-02    7.29605E-18     0.0000         0.0000        4.27463E-02    4.27463E-02   -8.54927E-02    0.12824        8.54927E-02    8.54927E-02    3.60580E-02
   9.10980E-02    4.32468E-02   -8.64937E-02    4.32468E-02   -2.57881E-17     0.0000         0.0000        4.32468E-02    4.32468E-02   -8.64937E-02    0.12974        8.64937E-02    8.64937E-02    3.60580E-02
   9.20980E-02    4.37473E-02   -8.74947E-02    4.37473E-02   -4.20103E-17     0.0000         0.0000        4.37473E-02    4.37473E-02   -8.74947E-02    0.13124        8.74947E-02    8.74947E-02    3.74594E-02
   9.30980E-02    4.42478E-02   -8.84957E-02    4.42478E-02   -2.31918E-18     0.0000         0.0000        4.42478E-02    4.42478E-02   -8.84957E-02    0.13274        8.84957E-02    8.84957E-02    3.74594E-02
   9.40980E-02    4.47483E-02   -8.94967E-02    4.47483E-02   -3.35733E-17     0.0000         0.0000        4.47483E-02    4.47483E-02   -8.94967E-02    0.13424        8.94967E-02    8.94967E-02    3.74594E-02
   9.50980E-02    4.52488E-02   -9.04977E-02    4.52488E-02   -5.88789E-17     0.0000         0.0000        4.52488E-02    4.52488E-02   -9.04977E-02    0.13575        9.04977E-02    9.04977E-02    3.74594E-02
   9.60980E-02    4.57493E-02   -9.14987E-02    4.57493E-02   -6.88031E-17     0.0000         0.0000        4.57493E-02    4.57493E-02   -9.14987E-02    0.13725        9.14987E-02    9.14987E-02    3.74594E-02
   9.70980E-02    4.62498E-02   -9.24997E-02    4.62498E-02   -8.21211E-17     0.0000         0.0000        4.62498E-02    4.62498E-02   -9.24997E-02    0.13875        9.24997E-02    9.24997E-02    3.74594E-02
   9.80980E-02    4.67503E-02   -9.35007E-02    4.67503E-02   -9.29043E-17     0.0000         0.0000        4.67503E-02    4.67503E-02   -9.35007E-02    0.14025        9.35007E-02    9.35007E-02    3.88608E-02
   9.90490E-02    4.72263E-02   -9.44526E-02    4.72263E-02   -1.41854E-16     0.0000         0.0000        4.72263E-02    4.72263E-02   -9.44526E-02    0.14168        9.44526E-02    9.44526E-02    3.88608E-02
   0.10000        4.77023E-02   -9.54046E-02    4.77023E-02   -1.71718E-16     0.0000         0.0000        4.77023E-02    4.77023E-02   -9.54046E-02    0.14311        9.54046E-02    9.54046E-02    3.88608E-02
   7.88861E-31     0.0000         0.0000         0.0000         0.0000         0.0000         0.0000         0.0000         0.0000         0.0000         0.0000         0.0000         0.0000         0.0000
   7.88861E-31     0.0000         0.0000         0.0000         0.0000         0.0000         0.0000         0.0000         0.0000         0.0000         0.0000         0.0000         0.0000         0.0000
   7.88861E-31     0.0000         0.0000         0.0000         0.0000         0.0000         0.0000         0.0000         0.0000         0.0000         0.0000         0.0000         0.0000         0.0000
   7.88861E-31     0.0000         0.0000         0.0000         0.0000         0.0000         0.0000         0.0000         0.0000         0.0000         0.0000         0.0000         0.0000         0.0000
   7.88861E-31     0.0000         0.0000         0.0000         0.0000         0.0000         0.0000         0.0000         0.0000         0.0000         0.0000         0.0000         0.0000         0.0000
   7.88861E-31     0.0000         0.0000         0.0000         0.0000         0.0000         0.0000         0.0000         0.0000         0.0000         0.0000         0.0000         0.0000         0.0000
   7.88861E-31     0.0000         0.0000         0.0000         0.0000         0.0000         0.0000         0.0000         0.0000         0.0000         0.0000         0.0000         0.0000         0.0000
   7.88861E-31     0.0000         0.0000         0.0000         0.0000         0.0000         0.0000         0.0000         0.0000         0.0000         0.0000         0.0000         0.0000         0.0000
   7.88861E-31     0.0000         0.0000         0.0000         0.0000         0.0000         0.0000         0.0000         0.0000         0.0000         0.0000         0.0000         0.0000         0.0000
   7.88861E-31     0.0000         0.0000         0.0000         0.0000         0.0000         0.0000         0.0000         0.0000         0.0000         0.0000         0.0000         0.0000         0.0000
   7.88861E-31     0.0000         0.0000         0.0000         0.0000         0.0000         0.0000         0.0000         0.0000         0.0000         0.0000         0.0000         0.0000         0.0000
   7.88861E-31     0.0000         0.0000         0.0000         0.0000         0.0000         0.0000         0.0000         0.0000         0.0000         0.0000         0.0000         0.0000         0.0000
   7.88861E-31     0.0000         0.0000         0.0000         0.0000         0.0000         0.0000         0.0000         0.0000         0.0000         0.0000         0.0000         0.0000         0.0000
   7.88861E-31     0.0000         0.0000         0.0000         0.0000         0.0000         0.0000         0.0000         0.0000         0.0000         0.0000         0.0000         0.0000         0.0000
   7.88861E-31     0.0000         0.0000         0.0000         0.0000         0.0000         0.0000         0.0000         0.0000         0.0000         0.0000         0.0000         0.0000         0.0000
   7.88861E-31     0.0000         0.0000         0.0000         0.0000         0.0000         0.0000         0.0000         0.0000         0.0000         0.0000         0.0000         0.0000         0.0000
   7.88861E-31     0.0000         0.0000         0.0000         0.0000         0.0000         0.0000         0.0000         0.0000         0.0000         0.0000         0.0000         0.0000         0.0000
   7.88861E-31     0.0000         0.0000         0.0000         0.0000         0.0000         0.0000         0.0000         0.0000         0.0000         0.0000         0.0000         0.0000         0.0000
   7.88861E-31     0.0000         0.0000         0.0000         0.0000         0.0000         0.0000         0.0000         0.0000         0.0000         0.0000         0.0000         0.0000         0.0000
   7.88861E-31     0.0000         0.0000         0.0000         0.0000         0.0000         0.0000         0.0000         0.0000         0.0000         0.0000         0.0000         0.0000         0.0000
   7.88861E-31     0.0000         0.0000         0.0000         0.0000         0.0000         0.0000         0.0000         0.0000         0.0000         0.0000         0.0000         0.0000         0.0000
   7.88861E-31     0.0000         0.0000         0.0000         0.0000         0.0000         0.0000         0.0000         0.0000         0.0000         0.0000         0.0000         0.0000         0.0000
   7.88861E-31     0.0000         0.0000         0.0000         0.0000         0.0000         0.0000         0.0000         0.0000         0.0000         0.0000         0.0000         0.0000         0.0000
   7.88861E-31     0.0000         0.0000         0.0000         0.0000         0.0000         0.0000         0.0000         0.0000         0.0000         0.0000         0.0000         0.0000         0.0000
   7.88861E-31     0.0000         0.0000         0.0000         0.0000         0.0000         0.0000         0.0000         0.0000         0.0000         0.0000         0.0000         0.0000         0.0000
   7.88861E-31     0.0000         0.0000         0.0000         0.0000         0.0000         0.0000         0.0000         0.0000         0.0000         0.0000         0.0000         0.0000         0.0000
   7.88861E-31     0.0000         0.0000         0.0000         0.0000         0.0000         0.0000         0.0000         0.0000         0.0000         0.0000         0.0000         0.0000         0.0000
   7.88861E-31     0.0000         0.0000         0.0000         0.0000         0.0000         0.0000         0.0000         0.0000         0.0000         0.0000         0.0000         0.0000         0.0000
   7.88861E-31     0.0000         0.0000         0.0000         0.0000         0.0000         0.0000         0.0000         0.0000         0.0000         0.0000         0.0000         0.0000         0.0000
   7.88861E-31     0.0000         0.0000         0.0000         0.0000         0.0000         0.0000         0.0000         0.0000         0.0000         0.0000         0.0000         0.0000         0.0000
   7.88861E-31     0.0000         0.0000         0.0000         0.0000         0.0000         0.0000         0.0000         0.0000         0.0000         0.0000         0.0000         0.0000         0.0000
   7.88861E-31     0.0000         0.0000         0.0000         0.0000         0.0000         0.0000         0.0000         0.0000         0.0000         0.0000         0.0000         0.0000         0.0000
   7.88861E-31     0.0000         0.0000         0.0000         0.0000         0.0000         0.0000         0.0000         0.0000         0.0000         0.0000         0.0000         0.0000         0.0000
   7.88861E-31     0.0000         0.0000         0.0000         0.0000         0.0000         0.0000         0.0000         0.0000         0.0000         0.0000         0.0000         0.0000         0.0000
   7.88861E-31     0.0000         0.0000         0.0000         0.0000         0.0000         0.0000         0.0000         0.0000         0.0000         0.0000         0.0000         0.0000         0.0000
   7.88861E-31     0.0000         0.0000         0.0000         0.0000         0.0000         0.0000         0.0000         0.0000         0.0000         0.0000         0.0000         0.0000         0.0000
   7.88861E-31     0.0000         0.0000         0.0000         0.0000         0.0000         0.0000         0.0000         0.0000         0.0000         0.0000         0.0000         0.0000         0.0000
   7.88861E-31     0.0000         0.0000         0.0000         0.0000         0.0000         0.0000         0.0000         0.0000         0.0000         0.0000         0.0000         0.0000         0.0000
   7.88861E-31     0.0000         0.0000         0.0000         0.0000         0.0000         0.0000         0.0000         0.0000         0.0000         0.0000         0.0000         0.0000         0.0000
   7.88861E-31     0.0000         0.0000         0.0000         0.0000         0.0000         0.0000         0.0000         0.0000         0.0000         0.0000         0.0000         0.0000         0.0000
   7.88861E-31     0.0000         0.0000         0.0000         0.0000         0.0000         0.0000         0.0000         0.0000         0.0000         0.0000         0.0000         0.0000         0.0000
   7.88861E-31     0.0000         0.0000         0.0000         0.0000         0.0000         0.0000         0.0000         0.0000         0.0000         0.0000         0.0000         0.0000         0.0000
   7.88861E-31     0.0000         0.0000         0.0000         0.0000         0.0000         0.0000         0.0000         0.0000         0.0000         0.0000         0.0000         0.0000         0.0000
   7.88861E-31     0.0000         0.0000         0.0000         0.0000         0.0000         0.0000         0.0000         0.0000         0.0000         0.0000         0.0000         0.0000         0.0000
   7.88861E-31     0.0000         0.0000         0.0000         0.0000         0.0000         0.0000         0.0000         0.0000         0.0000         0.0000         0.0000         0.0000         0.0000
   7.88861E-31     0.0000         0.0000         0.0000         0.0000         0.0000         0.0000         0.0000         0.0000         0.0000         0.0000         0.0000         0.0000         0.0000
   7.88861E-31     0.0000         0.0000         0.0000         0.0000         0.0000         0.0000         0.0000         0.0000         0.0000         0.0000         0.0000         0.0000         0.0000
   7.88861E-31     0.0000         0.0000         0.0000         0.0000         0.0000         0.0000         0.0000         0.0000         0.0000         0.0000         0.0000         0.0000         0.0000
   7.88861E-31     0.0000         0.0000         0.0000         0.0000         0.0000         0.0000         0.0000         0.0000         0.0000         0.0000         0.0000         0.0000         0.0000
   7.88861E-31     0.0000         0.0000         0.0000         0.0000         0.0000         0.0000         0.0000         0.0000         0.0000         0.0000         0.0000         0.0000         0.0000
   7.88861E-31     0.0000         0.0000         0.0000         0.0000         0.0000         0.0000         0.0000         0.0000         0.0000         0.0000         0.0000         0.0000         0.0000
   7.88861E-31     0.0000         0.0000         0.0000         0.0000         0.0000         0.0000         0.0000         0.0000         0.0000         0.0000         0.0000         0.0000         0.0000
   7.88861E-31     0.0000         0.0000         0.0000         0.0000         0.0000         0.0000         0.0000         0.0000         0.0000         0.0000         0.0000         0.0000         0.0000
   7.88861E-31     0.0000         0.0000         0.0000         0.0000         0.0000         0.0000         0.0000         0.0000         0.0000         0.0000         0.0000         0.0000         0.0000
   7.88861E-31     0.0000         0.0000         0.0000         0.0000         0.0000         0.0000         0.0000         0.0000         0.0000         0.0000         0.0000         0.0000         0.0000
   7.88861E-31     0.0000         0.0000         0.0000         0.0000         0.0000         0.0000         0.0000         0.0000         0.0000         0.0000         0.0000         0.0000         0.0000
   7.88861E-31     0.0000         0.0000         0.0000         0.0000         0.0000         0.0000         0.0000         0.0000         0.0000         0.0000         0.0000         0.0000         0.0000
   7.88861E-31     0.0000         0.0000         0.0000         0.0000         0.0000         0.0000         0.0000         0.0000         0.0000         0.0000         0.0000         0.0000         0.0000
   7.88861E-31     0.0000         0.0000         0.0000         0.0000         0.0000         0.0000         0.0000         0.0000         0.0000         0.0000         0.0000         0.0000         0.0000
   7.88861E-31     0.0000         0.0000         0.0000         0.0000         0.0000         0.0000         0.0000         0.0000         0.0000         0.0000         0.0000         0.0000         0.0000
   7.88861E-31     0.0000         0.0000         0.0000         0.0000         0.0000         0.0000         0.0000         0.0000         0.0000         0.0000         0.0000         0.0000         0.0000
   7.88861E-31     0.0000         0.0000         0.0000         0.0000         0.0000         0.0000         0.0000         0.0000         0.0000         0.0000         0.0000         0.0000         0.0000
   7.88861E-31     0.0000         0.0000         0.0000         0.0000         0.0000         0.0000         0.0000         0.0000         0.0000         0.0000         0.0000         0.0000         0.0000
   7.88861E-31     0.0000         0.0000         0.0000         0.0000         0.0000         0.0000         0.0000         0.0000         0.0000         0.0000         0.0000         0.0000         0.0000
   7.88861E-31     0.0000         0.0000         0.0000         0.0000         0.0000         0.0000         0.0000         0.0000         0.0000         0.0000         0.0000         0.0000         0.0000
   7.88861E-31     0.0000         0.0000         0.0000         0.0000         0.0000         0.0000         0.0000         0.0000         0.0000         0.0000         0.0000         0.0000         0.0000
   7.88861E-31     0.0000         0.0000         0.0000         0.0000         0.0000         0.0000         0.0000         0.0000         0.0000         0.0000         0.0000         0.0000         0.0000
   7.88861E-31     0.0000         0.0000         0.0000         0.0000         0.0000         0.0000         0.0000         0.0000         0.0000         0.0000         0.0000         0.0000         0.0000
   7.88861E-31     0.0000         0.0000         0.0000         0.0000         0.0000         0.0000         0.0000         0.0000         0.0000         0.0000         0.0000         0.0000         0.0000
   7.88861E-31     0.0000         0.0000         0.0000         0.0000         0.0000         0.0000         0.0000         0.0000         0.0000         0.0000         0.0000         0.0000         0.0000
   7.88861E-31     0.0000         0.0000         0.0000         0.0000         0.0000         0.0000         0.0000         0.0000         0.0000         0.0000         0.0000         0.0000         0.0000
   7.88861E-31     0.0000         0.0000         0.0000         0.0000         0.0000         0.0000         0.0000         0.0000         0.0000         0.0000         0.0000         0.0000         0.0000
   7.88861E-31     0.0000         0.0000         0.0000         0.0000         0.0000         0.0000         0.0000         0.0000         0.0000         0.0000         0.0000         0.0000         0.0000
   7.88861E-31     0.0000         0.0000         0.0000         0.0000         0.0000         0.0000         0.0000         0.0000         0.0000         0.0000         0.0000         0.0000         0.0000
   7.88861E-31     0.0000         0.0000         0.0000         0.0000         0.0000         0.0000         0.0000         0.0000         0.0000         0.0000         0.0000         0.0000         0.0000
   7.88861E-31     0.0000         0.0000         0.0000         0.0000         0.0000         0.0000         0.0000         0.0000         0.0000         0.0000         0.0000         0.0000         0.0000
   7.88861E-31     0.0000         0.0000         0.0000         0.0000         0.0000         0.0000         0.0000         0.0000         0.0000         0.0000         0.0000         0.0000         0.0000
   7.88861E-31     0.0000         0.0000         0.0000         0.0000         0.0000         0.0000         0.0000         0.0000         0.0000         0.0000         0.0000         0.0000         0.0000
   7.88861E-31     0.0000         0.0000         0.0000         0.0000         0.0000         0.0000         0.0000         0.0000         0.0000         0.0000         0.0000         0.0000         0.0000
   7.88861E-31     0.0000         0.0000         0.0000         0.0000         0.0000         0.0000         0.0000         0.0000         0.0000         0.0000         0.0000         0.0000         0.0000
   7.88861E-31     0.0000         0.0000         0.0000         0.0000         0.0000         0.0000         0.0000         0.0000         0.0000         0.0000         0.0000         0.0000         0.0000
   7.88861E-31     0.0000         0.0000         0.0000         0.0000         0.0000         0.0000         0.0000         0.0000         0.0000         0.0000         0.0000         0.0000         0.0000
   7.88861E-31     0.0000         0.0000         0.0000         0.0000         0.0000         0.0000         0.0000         0.0000         0.0000         0.0000         0.0000         0.0000         0.0000
   7.88861E-31     0.0000         0.0000         0.0000         0.0000         0.0000         0.0000         0.0000         0.0000         0.0000         0.0000         0.0000         0.0000         0.0000
   7.88861E-31     0.0000         0.0000         0.0000         0.0000         0.0000         0.0000         0.0000         0.0000         0.0000         0.0000         0.0000         0.0000         0.0000
   7.88861E-31     0.0000         0.0000         0.0000         0.0000         0.0000         0.0000         0.0000         0.0000         0.0000         0.0000         0.0000         0.0000         0.0000
   7.88861E-31     0.0000         0.0000         0.0000         0.0000         0.0000         0.0000         0.0000         0.0000         0.0000         0.0000         0.0000         0.0000         0.0000
   7.88861E-31     0.0000         0.0000         0.0000         0.0000         0.0000         0.0000         0.0000         0.0000         0.0000         0.0000         0.0000         0.0000         0.0000
   7.88861E-31     0.0000         0.0000         0.0000         0.0000         0.0000         0.0000         0.0000         0.0000         0.0000         0.0000         0.0000         0.0000         0.0000
   7.88861E-31     0.0000         0.0000         0.0000         0.0000         0.0000         0.0000         0.0000         0.0000         0.0000         0.0000         0.0000         0.0000         0.0000
   7.88861E-31     0.0000         0.0000         0.0000         0.0000         0.0000         0.0000         0.0000         0.0000         0.0000         0.0000         0.0000         0.0000         0.0000
   7.88861E-31     0.0000         0.0000         0.0000         0.0000         0.0000         0.0000         0.0000         0.0000         0.0000         0.0000         0.0000         0.0000         0.0000
   7.88861E-31     0.0000         0.0000         0.0000         0.0000         0.0000         0.0000         0.0000         0.0000         0.0000         0.0000         0.0000         0.0000         0.0000
   7.88861E-31     0.0000         0.0000         0.0000         0.0000         0.0000         0.0000         0.0000         0.0000         0.0000         0.0000         0.0000         0.0000         0.0000
   7.88861E-31     0.0000         0.0000         0.0000         0.0000         0.0000         0.0000         0.0000         0.0000         0.0000         0.0000         0.0000         0.0000         0.0000
   7.88861E-31     0.0000         0.0000         0.0000         0.0000         0.0000         0.0000         0.0000         0.0000         0.0000         0.0000         0.0000         0.0000         0.0000
   7.88861E-31     0.0000         0.0000         0.0000         0.0000         0.0000         0.0000         0.0000         0.0000         0.0000         0.0000         0.0000         0.0000         0.0000
   7.88861E-31     0.0000         0.0000         0.0000         0.0000         0.0000         0.0000         0.0000         0.0000         0.0000         0.0000         0.0000         0.0000         0.0000
   7.88861E-31     0.0000         0.0000         0.0000         0.0000         0.0000         0.0000         0.0000         0.0000         0.0000         0.0000         0.0000         0.0000         0.0000
   7.88861E-31     0.0000         0.0000         0.0000         0.0000         0.0000         0.0000         0.0000         0.0000         0.0000         0.0000         0.0000         0.0000         0.0000
   7.88861E-31     0.0000         0.0000         0.0000         0.0000         0.0000         0.0000         0.0000         0.0000         0.0000         0.0000         0.0000         0.0000         0.0000
   7.88861E-31     0.0000         0.0000         0.0000         0.0000         0.0000         0.0000         0.0000         0.0000         0.0000         0.0000         0.0000         0.0000         0.0000
   7.88861E-31     0.0000         0.0000         0.0000         0.0000         0.0000         0.0000         0.0000         0.0000         0.0000         0.0000         0.0000         0.0000         0.0000
   7.88861E-31     0.0000         0.0000         0.0000         0.0000         0.0000         0.0000         0.0000         0.0000         0.0000         0.0000         0.0000         0.0000         0.0000
   7.88861E-31     0.0000         0.0000         0.0000         0.0000         0.0000         0.0000         0.0000         0.0000         0.0000         0.0000         0.0000         0.0000         0.0000
   7.88861E-31     0.0000         0.0000         0.0000         0.0000         0.0000         0.0000         0.0000         0.0000         0.0000         0.0000         0.0000         0.0000         0.0000
   7.88861E-31     0.0000         0.0000         0.0000         0.0000         0.0000         0.0000         0.0000         0.0000         0.0000         0.0000         0.0000         0.0000         0.0000
   7.88861E-31     0.0000         0.0000         0.0000         0.0000         0.0000         0.0000         0.0000         0.0000         0.0000         0.0000         0.0000         0.0000         0.0000
   7.88861E-31     0.0000         0.0000         0.0000         0.0000         0.0000         0.0000         0.0000         0.0000         0.0000         0.0000         0.0000         0.0000         0.0000
   7.88861E-31     0.0000         0.0000         0.0000         0.0000         0.0000         0.0000         0.0000         0.0000         0.0000         0.0000         0.0000         0.0000         0.0000
   7.88861E-31     0.0000         0.0000         0.0000         0.0000         0.0000         0.0000         0.0000         0.0000         0.0000         0.0000         0.0000         0.0000         0.0000
   7.88861E-31     0.0000         0.0000         0.0000         0.0000         0.0000         0.0000         0.0000         0.0000         0.0000         0.0000         0.0000         0.0000         0.0000
   7.88861E-31     0.0000         0.0000         0.0000         0.0000         0.0000         0.0000         0.0000         0.0000         0.0000         0.0000         0.0000         0.0000         0.0000
   7.88861E-31     0.0000         0.0000         0.0000         0.0000         0.0000         0.0000         0.0000         0.0000         0.0000         0.0000         0.0000         0.0000         0.0000
   7.88861E-31     0.0000         0.0000         0.0000         0.0000         0.0000         0.0000         0.0000         0.0000         0.0000         0.0000         0.0000         0.0000         0.0000
   7.88861E-31     0.0000         0.0000         0.0000         0.0000         0.0000         0.0000         0.0000         0.0000         0.0000         0.0000         0.0000         0.0000         0.0000
   7.88861E-31     0.0000         0.0000         0.0000         0.0000         0.0000         0.0000         0.0000         0.0000         0.0000         0.0000         0.0000         0.0000         0.0000
   7.88861E-31     0.0000         0.0000         0.0000         0.0000         0.0000         0.0000         0.0000         0.0000         0.0000         0.0000         0.0000         0.0000         0.0000
   7.88861E-31     0.0000         0.0000         0.0000         0.0000         0.0000         0.0000         0.0000         0.0000         0.0000         0.0000         0.0000         0.0000         0.0000
   7.88861E-31     0.0000         0.0000         0.0000         0.0000         0.0000         0.0000         0.0000         0.0000         0.0000         0.0000         0.0000         0.0000         0.0000
   7.88861E-31     0.0000         0.0000         0.0000         0.0000         0.0000         0.0000         0.0000         0.0000         0.0000         0.0000         0.0000         0.0000         0.0000
   7.88861E-31     0.0000         0.0000         0.0000         0.0000         0.0000         0.0000         0.0000         0.0000         0.0000         0.0000         0.0000         0.0000         0.0000
   7.88861E-31     0.0000         0.0000         0.0000         0.0000         0.0000         0.0000         0.0000         0.0000         0.0000         0.0000         0.0000         0.0000         0.0000
   7.88861E-31     0.0000         0.0000         0.0000         0.0000         0.0000         0.0000         0.0000         0.0000         0.0000         0.0000         0.0000         0.0000         0.0000
   7.88861E-31     0.0000         0.0000         0.0000         0.0000         0.0000         0.0000         0.0000         0.0000         0.0000         0.0000         0.0000         0.0000         0.0000
   7.88861E-31     0.0000         0.0000         0.0000         0.0000         0.0000         0.0000         0.0000         0.0000         0.0000         0.0000         0.0000         0.0000         0.0000
   7.88861E-31     0.0000         0.0000         0.0000         0.0000         0.0000         0.0000         0.0000         0.0000         0.0000         0.0000         0.0000         0.0000         0.0000
   7.88861E-31     0.0000         0.0000         0.0000         0.0000         0.0000         0.0000         0.0000         0.0000         0.0000         0.0000         0.0000         0.0000         0.0000
   7.88861E-31     0.0000         0.0000         0.0000         0.0000         0.0000         0.0000         0.0000         0.0000         0.0000         0.0000         0.0000         0.0000         0.0000
   7.88861E-31     0.0000         0.0000         0.0000         0.0000         0.0000         0.0000         0.0000         0.0000         0.0000         0.0000         0.0000         0.0000         0.0000
   7.88861E-31     0.0000         0.0000         0.0000         0.0000         0.0000         0.0000         0.0000         0.0000         0.0000         0.0000         0.0000         0.0000         0.0000
   7.88861E-31     0.0000         0.0000         0.0000         0.0000         0.0000         0.0000         0.0000         0.0000         0.0000         0.0000         0.0000         0.0000         0.0000
   7.88861E-31     0.0000         0.0000         0.0000         0.0000         0.0000         0.0000         0.0000         0.0000         0.0000         0.0000         0.0000         0.0000         0.0000
   7.88861E-31     0.0000         0.0000         0.0000         0.0000         0.0000         0.0000         0.0000         0.0000         0.0000         0.0000         0.0000         0.0000         0.0000
   7.88861E-31     0.0000         0.0000         0.0000         0.0000         0.0000         0.0000         0.0000         0.0000         0.0000         0.0000         0.0000         0.0000         0.0000
   7.88861E-31     0.0000         0.0000         0.0000         0.0000         0.0000         0.0000         0.0000         0.0000         0.0000         0.0000         0.0000         0.0000         0.0000
   7.88861E-31     0.0000         0.0000         0.0000         0.0000         0.0000         0.0000         0.0000         0.0000         0.0000         0.0000         0.0000         0.0000         0.0000
   7.88861E-31     0.0000         0.0000         0.0000         0.0000         0.0000         0.0000         0.0000         0.0000         0.0000         0.0000         0.0000         0.0000         0.0000
   7.88861E-31     0.0000         0.0000         0.0000         0.0000         0.0000         0.0000         0.0000         0.0000         0.0000         0.0000         0.0000         0.0000         0.0000
   7.88861E-31     0.0000         0.0000         0.0000         0.0000         0.0000         0.0000         0.0000         0.0000         0.0000         0.0000         0.0000         0.0000         0.0000
   7.88861E-31     0.0000         0.0000         0.0000         0.0000         0.0000         0.0000         0.0000         0.0000         0.0000         0.0000         0.0000         0.0000         0.0000
   7.88861E-31     0.0000         0.0000         0.0000         0.0000         0.0000         0.0000         0.0000         0.0000         0.0000         0.0000         0.0000         0.0000         0.0000
   7.88861E-31     0.0000         0.0000         0.0000         0.0000         0.0000         0.0000         0.0000         0.0000         0.0000         0.0000         0.0000         0.0000         0.0000
   7.88861E-31     0.0000         0.0000         0.0000         0.0000         0.0000         0.0000         0.0000         0.0000         0.0000         0.0000         0.0000         0.0000         0.0000
   7.88861E-31     0.0000         0.0000         0.0000         0.0000         0.0000         0.0000         0.0000         0.0000         0.0000         0.0000         0.0000         0.0000         0.0000
   7.88861E-31     0.0000         0.0000         0.0000         0.0000         0.0000         0.0000         0.0000         0.0000         0.0000         0.0000         0.0000         0.0000         0.0000
   7.88861E-31     0.0000         0.0000         0.0000         0.0000         0.0000         0.0000         0.0000         0.0000         0.0000         0.0000         0.0000         0.0000         0.0000
   7.88861E-31     0.0000         0.0000         0.0000         0.0000         0.0000         0.0000         0.0000         0.0000         0.0000         0.0000         0.0000         0.0000         0.0000
   7.88861E-31     0.0000         0.0000         0.0000         0.0000         0.0000         0.0000         0.0000         0.0000         0.0000         0.0000         0.0000         0.0000         0.0000
   7.88861E-31     0.0000         0.0000         0.0000         0.0000         0.0000         0.0000         0.0000         0.0000         0.0000         0.0000         0.0000         0.0000         0.0000
   7.88861E-31     0.0000         0.0000         0.0000         0.0000         0.0000         0.0000         0.0000         0.0000         0.0000         0.0000         0.0000         0.0000         0.0000
   7.88861E-31     0.0000         0.0000         0.0000         0.0000         0.0000         0.0000         0.0000         0.0000         0.0000         0.0000         0.0000         0.0000         0.0000
   7.88861E-31     0.0000         0.0000         0.0000         0.0000         0.0000         0.0000         0.0000         0.0000         0.0000         0.0000         0.0000         0.0000         0.0000
   7.88861E-31     0.0000         0.0000         0.0000         0.0000         0.0000         0.0000         0.0000         0.0000         0.0000         0.0000         0.0000         0.0000         0.0000
   7.88861E-31     0.0000         0.0000         0.0000         0.0000         0.0000         0.0000         0.0000         0.0000         0.0000         0.0000         0.0000         0.0000         0.0000
   7.88861E-31     0.0000         0.0000         0.0000         0.0000         0.0000         0.0000         0.0000         0.0000         0.0000         0.0000         0.0000         0.0000         0.0000
   7.88861E-31     0.0000         0.0000         0.0000         0.0000         0.0000         0.0000         0.0000         0.0000         0.0000         0.0000         0.0000         0.0000         0.0000
   7.88861E-31     0.0000         0.0000         0.0000         0.0000         0.0000         0.0000         0.0000         0.0000         0.0000         0.0000         0.0000         0.0000         0.0000
   7.88861E-31     0.0000         0.0000         0.0000         0.0000         0.0000         0.0000         0.0000         0.0000         0.0000         0.0000         0.0000         0.0000         0.0000
   7.88861E-31     0.0000         0.0000         0.0000         0.0000         0.0000         0.0000         0.0000         0.0000         0.0000         0.0000         0.0000         0.0000         0.0000
   7.88861E-31     0.0000         0.0000         0.0000         0.0000         0.0000         0.0000         0.0000         0.0000         0.0000         0.0000         0.0000         0.0000         0.0000
   7.88861E-31     0.0000         0.0000         0.0000         0.0000         0.0000         0.0000         0.0000         0.0000         0.0000         0.0000         0.0000         0.0000         0.0000
   7.88861E-31     0.0000         0.0000         0.0000         0.0000         0.0000         0.0000         0.0000         0.0000         0.0000         0.0000         0.0000         0.0000         0.0000
   7.88861E-31     0.0000         0.0000         0.0000         0.0000         0.0000         0.0000         0.0000         0.0000         0.0000         0.0000         0.0000         0.0000         0.0000
   7.88861E-31     0.0000         0.0000         0.0000         0.0000         0.0000         0.0000         0.0000         0.0000         0.0000         0.0000         0.0000         0.0000         0.0000
   7.88861E-31     0.0000         0.0000         0.0000         0.0000         0.0000         0.0000         0.0000         0.0000         0.0000         0.0000         0.0000         0.0000         0.0000
   7.88861E-31     0.0000         0.0000         0.0000         0.0000         0.0000         0.0000         0.0000         0.0000         0.0000         0.0000         0.0000         0.0000         0.0000
   7.88861E-31     0.0000         0.0000         0.0000         0.0000         0.0000         0.0000         0.0000         0.0000         0.0000         0.0000         0.0000         0.0000         0.0000
   7.88861E-31     0.0000         0.0000         0.0000         0.0000         0.0000         0.0000         0.0000         0.0000         0.0000         0.0000         0.0000         0.0000         0.0000
   7.88861E-31     0.0000         0.0000         0.0000         0.0000         0.0000         0.0000         0.0000         0.0000         0.0000         0.0000         0.0000         0.0000         0.0000
   7.88861E-31     0.0000         0.0000         0.0000         0.0000         0.0000         0.0000         0.0000         0.0000         0.0000         0.0000         0.0000         0.0000         0.0000
   7.88861E-31     0.0000         0.0000         0.0000         0.0000         0.0000         0.0000         0.0000         0.0000         0.0000         0.0000         0.0000         0.0000         0.0000
   7.88861E-31     0.0000         0.0000         0.0000         0.0000         0.0000         0.0000         0.0000         0.0000         0.0000         0.0000         0.0000         0.0000         0.0000
   7.88861E-31     0.0000         0.0000         0.0000         0.0000         0.0000         0.0000         0.0000         0.0000         0.0000         0.0000         0.0000         0.0000         0.0000
   7.88861E-31     0.0000         0.0000         0.0000         0.0000         0.0000         0.0000         0.0000         0.0000         0.0000         0.0000         0.0000         0.0000         0.0000
   7.88861E-31     0.0000         0.0000         0.0000         0.0000         0.0000         0.0000         0.0000         0.0000         0.0000         0.0000         0.0000         0.0000         0.0000
   7.88861E-31     0.0000         0.0000         0.0000         0.0000         0.0000         0.0000         0.0000         0.0000         0.0000         0.0000         0.0000         0.0000         0.0000
   7.88861E-31     0.0000         0.0000         0.0000         0.0000         0.0000         0.0000         0.0000         0.0000         0.0000         0.0000         0.0000         0.0000         0.0000
   7.88861E-31     0.0000         0.0000         0.0000         0.0000         0.0000         0.0000         0.0000         0.0000         0.0000         0.0000         0.0000         0.0000         0.0000
   7.88861E-31     0.0000         0.0000         0.0000         0.0000         0.0000         0.0000         0.0000         0.0000         0.0000         0.0000         0.0000         0.0000         0.0000
   7.88861E-31     0.0000         0.0000         0.0000         0.0000         0.0000         0.0000         0.0000         0.0000         0.0000         0.0000         0.0000         0.0000         0.0000
   7.88861E-31     0.0000         0.0000         0.0000         0.0000         0.0000         0.0000         0.0000         0.0000         0.0000         0.0000         0.0000         0.0000         0.0000
   7.88861E-31     0.0000         0.0000         0.0000         0.0000         0.0000         0.0000         0.0000         0.0000         0.0000         0.0000         0.0000         0.0000         0.0000
   7.88861E-31     0.0000         0.0000         0.0000         0.0000         0.0000         0.0000         0.0000         0.0000         0.0000         0.0000         0.0000         0.0000         0.0000
   7.88861E-31     0.0000         0.0000         0.0000         0.0000         0.0000         0.0000         0.0000         0.0000         0.0000         0.0000         0.0000         0.0000         0.0000
   7.88861E-31     0.0000         0.0000         0.0000         0.0000         0.0000         0.0000         0.0000         0.0000         0.0000         0.0000         0.0000         0.0000         0.0000
   7.88861E-31     0.0000         0.0000         0.0000         0.0000         0.0000         0.0000         0.0000         0.0000         0.0000         0.0000         0.0000         0.0000         0.0000
   7.88861E-31     0.0000         0.0000         0.0000         0.0000         0.0000         0.0000         0.0000         0.0000         0.0000         0.0000         0.0000         0.0000         0.0000
   7.88861E-31     0.0000         0.0000         0.0000         0.0000         0.0000         0.0000         0.0000         0.0000         0.0000         0.0000         0.0000         0.0000         0.0000
   7.88861E-31     0.0000         0.0000         0.0000         0.0000         0.0000         0.0000         0.0000         0.0000         0.0000         0.0000         0.0000         0.0000         0.0000
   7.88861E-31     0.0000         0.0000         0.0000         0.0000         0.0000         0.0000         0.0000         0.0000         0.0000         0.0000         0.0000         0.0000         0.0000
   7.88861E-31     0.0000         0.0000         0.0000         0.0000         0.0000         0.0000         0.0000         0.0000         0.0000         0.0000         0.0000         0.0000         0.0000
   7.88861E-31     0.0000         0.0000         0.0000         0.0000         0.0000         0.0000         0.0000         0.0000         0.0000         0.0000         0.0000         0.0000         0.0000
   7.88861E-31     0.0000         0.0000         0.0000         0.0000         0.0000         0.0000         0.0000         0.0000         0.0000         0.0000         0.0000         0.0000         0.0000
