0.2350E+03   0.0000E+00   0.5247E+00   0.5616E+00   0.5914E+00   0.6079E+00   0.6223E+00   0.6308E+00   0.6385E+00   0.6433E+00   0.6478E+00   0.6507E+00   0.6536E+00   0.6554E+00   0.6573E+00   0.6586E+00   0.6599E+00   0.6607E+00   0.6617E+00   0.6623E+00   0.6630E+00   0.6635E+00   0.6640E+00   0.6644E+00   0.6648E+00   0.6651E+00   0.6654E+00   0.6657E+00   0.6660E+00   0.6662E+00   0.6664E+00   0.6665E+00   0.6667E+00   0.6669E+00   0.6670E+00   0.6671E+00   0.6672E+00   0.6673E+00   0.6673E+00   0.6673E+00   0.6673E+00   0.6673E+00   0.6673E+00
0.2380E+03   0.3333E+00   0.4808E+00   0.5297E+00   0.5567E+00   0.5788E+00   0.5913E+00   0.6024E+00   0.6090E+00   0.6152E+00   0.6190E+00   0.6227E+00   0.6251E+00   0.6274E+00   0.6290E+00   0.6306E+00   0.6316E+00   0.6327E+00   0.6335E+00   0.6343E+00   0.6349E+00   0.6355E+00   0.6359E+00   0.6364E+00   0.6368E+00   0.6371E+00   0.6374E+00   0.6377E+00   0.6379E+00   0.6382E+00   0.6383E+00   0.6385E+00   0.6387E+00   0.6388E+00   0.6390E+00   0.6391E+00   0.6392E+00   0.6393E+00   0.6393E+00   0.6393E+00   0.6393E+00   0.6393E+00   0.6393E+00
0.2390E+03   0.6667E+00   0.4598E+00   0.5161E+00   0.5580E+00   0.5811E+00   0.6000E+00   0.6107E+00   0.6202E+00   0.6259E+00   0.6312E+00   0.6345E+00   0.6377E+00   0.6398E+00   0.6418E+00   0.6432E+00   0.6446E+00   0.6456E+00   0.6466E+00   0.6473E+00   0.6480E+00   0.6485E+00   0.6491E+00   0.6495E+00   0.6499E+00   0.6502E+00   0.6505E+00   0.6508E+00   0.6511E+00   0.6513E+00   0.6515E+00   0.6517E+00   0.6518E+00   0.6520E+00   0.6521E+00   0.6522E+00   0.6524E+00   0.6524E+00   0.6524E+00   0.6524E+00   0.6524E+00   0.6524E+00   0.6524E+00
0.2400E+03   0.1000E+01   0.2011E+00   0.4473E+00   0.5010E+00   0.5397E+00   0.5611E+00   0.5784E+00   0.5882E+00   0.5968E+00   0.6020E+00   0.6069E+00   0.6099E+00   0.6128E+00   0.6147E+00   0.6166E+00   0.6178E+00   0.6191E+00   0.6200E+00   0.6209E+00   0.6215E+00   0.6222E+00   0.6227E+00   0.6232E+00   0.6236E+00   0.6240E+00   0.6243E+00   0.6246E+00   0.6248E+00   0.6250E+00   0.6252E+00   0.6254E+00   0.6256E+00   0.6258E+00   0.6259E+00   0.6260E+00   0.6261E+00   0.6262E+00   0.6262E+00   0.6262E+00   0.6262E+00   0.6262E+00   0.6262E+00
0.2410E+03   0.1333E+01   0.1363E+00   0.2080E+00   0.4546E+00   0.5069E+00   0.5442E+00   0.5647E+00   0.5812E+00   0.5905E+00   0.5987E+00   0.6036E+00   0.6081E+00   0.6109E+00   0.6137E+00   0.6154E+00   0.6172E+00   0.6184E+00   0.6196E+00   0.6204E+00   0.6212E+00   0.6218E+00   0.6225E+00   0.6229E+00   0.6234E+00   0.6237E+00   0.6241E+00   0.6244E+00   0.6247E+00   0.6249E+00   0.6251E+00   0.6253E+00   0.6255E+00   0.6257E+00   0.6258E+00   0.6259E+00   0.6261E+00   0.6261E+00   0.6261E+00   0.6261E+00   0.6261E+00   0.6261E+00   0.6261E+00
0.2420E+03   0.1667E+01   0.1036E+00   0.1378E+00   0.2099E+00   0.4557E+00   0.5073E+00   0.5439E+00   0.5640E+00   0.5800E+00   0.5890E+00   0.5969E+00   0.6016E+00   0.6059E+00   0.6087E+00   0.6113E+00   0.6130E+00   0.6146E+00   0.6158E+00   0.6169E+00   0.6177E+00   0.6185E+00   0.6191E+00   0.6197E+00   0.6201E+00   0.6205E+00   0.6209E+00   0.6212E+00   0.6215E+00   0.6218E+00   0.6220E+00   0.6222E+00   0.6224E+00   0.6226E+00   0.6227E+00   0.6228E+00   0.6230E+00   0.6230E+00   0.6230E+00   0.6230E+00   0.6230E+00   0.6230E+00   0.6230E+00
0.2430E+03   0.2000E+01   0.6802E-01   0.1059E+00   0.1396E+00   0.2119E+00   0.4580E+00   0.5094E+00   0.5455E+00   0.5653E+00   0.5811E+00   0.5899E+00   0.5976E+00   0.6022E+00   0.6064E+00   0.6091E+00   0.6116E+00   0.6132E+00   0.6149E+00   0.6159E+00   0.6170E+00   0.6178E+00   0.6186E+00   0.6191E+00   0.6197E+00   0.6201E+00   0.6205E+00   0.6209E+00   0.6212E+00   0.6214E+00   0.6217E+00   0.6219E+00   0.6221E+00   0.6223E+00   0.6224E+00   0.6226E+00   0.6227E+00   0.6228E+00   0.6228E+00   0.6228E+00   0.6228E+00   0.6228E+00   0.6228E+00
0.2440E+03   0.2333E+01   0.5031E-01   0.6894E-01   0.1070E+00   0.1404E+00   0.2128E+00   0.4589E+00   0.5102E+00   0.5461E+00   0.5657E+00   0.5813E+00   0.5900E+00   0.5976E+00   0.6021E+00   0.6063E+00   0.6088E+00   0.6113E+00   0.6129E+00   0.6145E+00   0.6156E+00   0.6166E+00   0.6174E+00   0.6181E+00   0.6187E+00   0.6192E+00   0.6196E+00   0.6200E+00   0.6203E+00   0.6206E+00   0.6209E+00   0.6211E+00   0.6213E+00   0.6215E+00   0.6217E+00   0.6219E+00   0.6220E+00   0.6220E+00   0.6220E+00   0.6220E+00   0.6220E+00   0.6220E+00   0.6220E+00
0.2450E+03   0.2667E+01   0.3345E-01   0.5147E-01   0.6990E-01   0.1078E+00   0.1411E+00   0.2136E+00   0.4600E+00   0.5111E+00   0.5469E+00   0.5664E+00   0.5819E+00   0.5905E+00   0.5980E+00   0.6025E+00   0.6066E+00   0.6092E+00   0.6116E+00   0.6132E+00   0.6147E+00   0.6158E+00   0.6168E+00   0.6175E+00   0.6182E+00   0.6188E+00   0.6193E+00   0.6197E+00   0.6201E+00   0.6204E+00   0.6207E+00   0.6209E+00   0.6212E+00   0.6214E+00   0.6216E+00   0.6217E+00   0.6219E+00   0.6219E+00   0.6219E+00   0.6219E+00   0.6219E+00   0.6219E+00   0.6219E+00
0.2460E+03   0.3000E+01   0.2575E-01   0.3399E-01   0.5212E-01   0.7030E-01   0.1083E+00   0.1415E+00   0.2141E+00   0.4606E+00   0.5117E+00   0.5474E+00   0.5668E+00   0.5823E+00   0.5908E+00   0.5983E+00   0.6027E+00   0.6068E+00   0.6093E+00   0.6117E+00   0.6132E+00   0.6148E+00   0.6158E+00   0.6168E+00   0.6175E+00   0.6182E+00   0.6187E+00   0.6193E+00   0.6196E+00   0.6200E+00   0.6203E+00   0.6206E+00   0.6208E+00   0.6211E+00   0.6213E+00   0.6215E+00   0.6216E+00   0.6217E+00   0.6217E+00   0.6217E+00   0.6217E+00   0.6217E+00   0.6217E+00
0.2470E+03   0.3333E+01   0.1775E-01   0.2644E-01   0.3453E-01   0.5258E-01   0.7069E-01   0.1086E+00   0.1418E+00   0.2145E+00   0.4611E+00   0.5122E+00   0.5479E+00   0.5673E+00   0.5827E+00   0.5912E+00   0.5986E+00   0.6030E+00   0.6070E+00   0.6095E+00   0.6119E+00   0.6134E+00   0.6149E+00   0.6160E+00   0.6170E+00   0.6177E+00   0.6184E+00   0.6189E+00   0.6194E+00   0.6197E+00   0.6201E+00   0.6204E+00   0.6207E+00   0.6209E+00   0.6211E+00   0.6213E+00   0.6215E+00   0.6216E+00   0.6216E+00   0.6216E+00   0.6216E+00   0.6216E+00   0.6216E+00
0.2480E+03   0.3667E+01   0.1440E-01   0.1808E-01   0.2685E-01   0.3479E-01   0.5288E-01   0.7091E-01   0.1089E+00   0.1420E+00   0.2148E+00   0.4615E+00   0.5126E+00   0.5482E+00   0.5676E+00   0.5829E+00   0.5914E+00   0.5988E+00   0.6032E+00   0.6072E+00   0.6097E+00   0.6121E+00   0.6136E+00   0.6151E+00   0.6161E+00   0.6171E+00   0.6177E+00   0.6184E+00   0.6189E+00   0.6194E+00   0.6198E+00   0.6202E+00   0.6204E+00   0.6207E+00   0.6209E+00   0.6212E+00   0.6213E+00   0.6214E+00   0.6214E+00   0.6214E+00   0.6214E+00   0.6214E+00   0.6214E+00
0.2490E+03   0.4000E+01   0.1026E-01   0.1484E-01   0.1842E-01   0.2716E-01   0.3503E-01   0.5311E-01   0.7111E-01   0.1091E+00   0.1422E+00   0.2151E+00   0.4619E+00   0.5130E+00   0.5485E+00   0.5679E+00   0.5832E+00   0.5917E+00   0.5991E+00   0.6034E+00   0.6074E+00   0.6099E+00   0.6122E+00   0.6137E+00   0.6152E+00   0.6162E+00   0.6172E+00   0.6179E+00   0.6185E+00   0.6190E+00   0.6195E+00   0.6199E+00   0.6203E+00   0.6205E+00   0.6208E+00   0.6210E+00   0.6212E+00   0.6213E+00   0.6213E+00   0.6213E+00   0.6213E+00   0.6213E+00   0.6213E+00
0.2500E+03   0.4333E+01   0.8727E-02   0.1048E-01   0.1512E-01   0.1859E-01   0.2736E-01   0.3518E-01   0.5327E-01   0.7124E-01   0.1092E+00   0.1423E+00   0.2153E+00   0.4622E+00   0.5133E+00   0.5488E+00   0.5682E+00   0.5834E+00   0.5919E+00   0.5992E+00   0.6036E+00   0.6076E+00   0.6100E+00   0.6124E+00   0.6139E+00   0.6153E+00   0.6163E+00   0.6173E+00   0.6180E+00   0.6186E+00   0.6191E+00   0.6196E+00   0.6200E+00   0.6203E+00   0.6206E+00   0.6209E+00   0.6211E+00   0.6212E+00   0.6212E+00   0.6212E+00   0.6212E+00   0.6212E+00   0.6212E+00
0.2510E+03   0.4667E+01   0.6383E-02   0.9039E-02   0.1071E-01   0.1534E-01   0.1876E-01   0.2752E-01   0.3532E-01   0.5340E-01   0.7136E-01   0.1093E+00   0.1425E+00   0.2154E+00   0.4624E+00   0.5135E+00   0.5490E+00   0.5684E+00   0.5836E+00   0.5921E+00   0.5994E+00   0.6038E+00   0.6077E+00   0.6102E+00   0.6125E+00   0.6140E+00   0.6155E+00   0.6164E+00   0.6174E+00   0.6181E+00   0.6187E+00   0.6192E+00   0.6197E+00   0.6200E+00   0.6204E+00   0.6207E+00   0.6209E+00   0.6210E+00   0.6210E+00   0.6210E+00   0.6210E+00   0.6210E+00   0.6210E+00
0.2520E+03   0.5000E+01   0.5651E-02   0.6538E-02   0.9236E-02   0.1083E-01   0.1549E-01   0.1887E-01   0.2764E-01   0.3541E-01   0.5350E-01   0.7145E-01   0.1094E+00   0.1426E+00   0.2156E+00   0.4626E+00   0.5137E+00   0.5492E+00   0.5686E+00   0.5838E+00   0.5922E+00   0.5996E+00   0.6039E+00   0.6078E+00   0.6103E+00   0.6126E+00   0.6141E+00   0.6155E+00   0.6165E+00   0.6175E+00   0.6181E+00   0.6188E+00   0.6193E+00   0.6197E+00   0.6201E+00   0.6204E+00   0.6207E+00   0.6208E+00   0.6208E+00   0.6208E+00   0.6208E+00   0.6208E+00   0.6208E+00
0.2530E+03   0.5333E+01   0.4215E-02   0.5880E-02   0.6701E-02   0.9398E-02   0.1096E-01   0.1561E-01   0.1897E-01   0.2774E-01   0.3550E-01   0.5359E-01   0.7153E-01   0.1095E+00   0.1426E+00   0.2157E+00   0.4628E+00   0.5139E+00   0.5494E+00   0.5687E+00   0.5840E+00   0.5924E+00   0.5997E+00   0.6040E+00   0.6080E+00   0.6104E+00   0.6127E+00   0.6142E+00   0.6156E+00   0.6166E+00   0.6176E+00   0.6182E+00   0.6189E+00   0.6193E+00   0.6198E+00   0.6201E+00   0.6205E+00   0.6206E+00   0.6206E+00   0.6206E+00   0.6206E+00   0.6206E+00   0.6206E+00
0.2540E+03   0.5667E+01   0.3858E-02   0.4331E-02   0.6028E-02   0.6797E-02   0.9512E-02   0.1104E-01   0.1570E-01   0.1905E-01   0.2782E-01   0.3556E-01   0.5366E-01   0.7159E-01   0.1096E+00   0.1427E+00   0.2158E+00   0.4629E+00   0.5140E+00   0.5495E+00   0.5688E+00   0.5841E+00   0.5925E+00   0.5998E+00   0.6041E+00   0.6081E+00   0.6105E+00   0.6128E+00   0.6143E+00   0.6157E+00   0.6167E+00   0.6176E+00   0.6183E+00   0.6189E+00   0.6194E+00   0.6199E+00   0.6202E+00   0.6204E+00   0.6204E+00   0.6204E+00   0.6204E+00   0.6204E+00   0.6204E+00
0.2550E+03   0.6000E+01   0.2920E-02   0.4032E-02   0.4453E-02   0.6153E-02   0.6893E-02   0.9610E-02   0.1112E-01   0.1578E-01   0.1911E-01   0.2789E-01   0.3562E-01   0.5371E-01   0.7164E-01   0.1096E+00   0.1428E+00   0.2159E+00   0.4630E+00   0.5141E+00   0.5496E+00   0.5690E+00   0.5842E+00   0.5926E+00   0.5999E+00   0.6042E+00   0.6081E+00   0.6106E+00   0.6129E+00   0.6143E+00   0.6158E+00   0.6167E+00   0.6177E+00   0.6183E+00   0.6190E+00   0.6194E+00   0.6199E+00   0.6201E+00   0.6201E+00   0.6201E+00   0.6201E+00   0.6201E+00   0.6201E+00
0.2560E+03   0.6333E+01   0.2747E-02   0.3010E-02   0.4147E-02   0.4529E-02   0.6243E-02   0.6960E-02   0.9684E-02   0.1118E-01   0.1585E-01   0.1916E-01   0.2794E-01   0.3566E-01   0.5376E-01   0.7168E-01   0.1097E+00   0.1428E+00   0.2159E+00   0.4631E+00   0.5143E+00   0.5497E+00   0.5691E+00   0.5843E+00   0.5927E+00   0.6000E+00   0.6043E+00   0.6082E+00   0.6106E+00   0.6129E+00   0.6144E+00   0.6158E+00   0.6168E+00   0.6177E+00   0.6184E+00   0.6190E+00   0.6195E+00   0.6197E+00   0.6197E+00   0.6197E+00   0.6197E+00   0.6197E+00   0.6197E+00
0.2570E+03   0.6667E+01   0.2104E-02   0.2883E-02   0.3106E-02   0.4246E-02   0.4605E-02   0.6322E-02   0.7023E-02   0.9748E-02   0.1123E-01   0.1590E-01   0.1921E-01   0.2798E-01   0.3570E-01   0.5380E-01   0.7172E-01   0.1097E+00   0.1429E+00   0.2160E+00   0.4632E+00   0.5143E+00   0.5498E+00   0.5692E+00   0.5844E+00   0.5928E+00   0.6001E+00   0.6044E+00   0.6083E+00   0.6107E+00   0.6130E+00   0.6145E+00   0.6159E+00   0.6168E+00   0.6178E+00   0.6184E+00   0.6191E+00   0.6193E+00   0.6193E+00   0.6193E+00   0.6193E+00   0.6193E+00   0.6193E+00
0.2580E+03   0.7000E+01   0.2023E-02   0.2176E-02   0.2975E-02   0.3168E-02   0.4319E-02   0.4660E-02   0.6382E-02   0.7071E-02   0.9799E-02   0.1128E-01   0.1594E-01   0.1925E-01   0.2802E-01   0.3574E-01   0.5383E-01   0.7175E-01   0.1098E+00   0.1429E+00   0.2160E+00   0.4633E+00   0.5144E+00   0.5499E+00   0.5692E+00   0.5844E+00   0.5928E+00   0.6001E+00   0.6044E+00   0.6083E+00   0.6108E+00   0.6130E+00   0.6145E+00   0.6159E+00   0.6169E+00   0.6178E+00   0.6185E+00   0.6188E+00   0.6188E+00   0.6188E+00   0.6188E+00   0.6188E+00   0.6188E+00
0.2590E+03   0.7333E+01   0.1565E-02   0.2132E-02   0.2254E-02   0.3055E-02   0.3230E-02   0.4384E-02   0.4712E-02   0.6435E-02   0.7115E-02   0.9844E-02   0.1131E-01   0.1598E-01   0.1928E-01   0.2805E-01   0.3577E-01   0.5386E-01   0.7178E-01   0.1098E+00   0.1429E+00   0.2161E+00   0.4634E+00   0.5145E+00   0.5500E+00   0.5693E+00   0.5845E+00   0.5929E+00   0.6002E+00   0.6045E+00   0.6084E+00   0.6108E+00   0.6131E+00   0.6145E+00   0.6160E+00   0.6169E+00   0.6179E+00   0.6182E+00   0.6182E+00   0.6182E+00   0.6182E+00   0.6182E+00   0.6182E+00
0.2600E+03   0.7667E+01   0.1531E-02   0.1625E-02   0.2207E-02   0.2305E-02   0.3115E-02   0.3275E-02   0.4433E-02   0.4752E-02   0.6477E-02   0.7151E-02   0.9879E-02   0.1134E-01   0.1601E-01   0.1931E-01   0.2808E-01   0.3579E-01   0.5388E-01   0.7180E-01   0.1098E+00   0.1430E+00   0.2161E+00   0.4634E+00   0.5146E+00   0.5500E+00   0.5693E+00   0.5846E+00   0.5929E+00   0.6002E+00   0.6045E+00   0.6084E+00   0.6108E+00   0.6131E+00   0.6146E+00   0.6160E+00   0.6169E+00   0.6175E+00   0.6175E+00   0.6175E+00   0.6175E+00   0.6175E+00   0.6175E+00
0.2610E+03   0.8000E+01   0.1195E-02   0.1620E-02   0.1688E-02   0.2273E-02   0.2356E-02   0.3169E-02   0.3318E-02   0.4478E-02   0.4789E-02   0.6514E-02   0.7183E-02   0.9910E-02   0.1137E-01   0.1604E-01   0.1933E-01   0.2810E-01   0.3581E-01   0.5390E-01   0.7182E-01   0.1098E+00   0.1430E+00   0.2161E+00   0.4635E+00   0.5146E+00   0.5501E+00   0.5694E+00   0.5846E+00   0.5930E+00   0.6003E+00   0.6046E+00   0.6085E+00   0.6109E+00   0.6132E+00   0.6146E+00   0.6160E+00   0.6166E+00   0.6166E+00   0.6166E+00   0.6166E+00   0.6166E+00   0.6166E+00
0.2620E+03   0.8333E+01   0.1185E-02   0.1246E-02   0.1682E-02   0.1731E-02   0.2323E-02   0.2394E-02   0.3210E-02   0.3352E-02   0.4513E-02   0.4819E-02   0.6544E-02   0.7209E-02   0.9936E-02   0.1139E-01   0.1606E-01   0.1935E-01   0.2812E-01   0.3583E-01   0.5392E-01   0.7184E-01   0.1099E+00   0.1430E+00   0.2162E+00   0.4635E+00   0.5147E+00   0.5501E+00   0.5694E+00   0.5846E+00   0.5930E+00   0.6003E+00   0.6046E+00   0.6085E+00   0.6109E+00   0.6132E+00   0.6146E+00   0.6155E+00   0.6155E+00   0.6155E+00   0.6155E+00   0.6155E+00   0.6155E+00
0.2630E+03   0.8667E+01   0.9335E-03   0.1259E-02   0.1298E-02   0.1737E-02   0.1774E-02   0.2367E-02   0.2430E-02   0.3247E-02   0.3384E-02   0.4544E-02   0.4846E-02   0.6570E-02   0.7232E-02   0.9957E-02   0.1141E-01   0.1608E-01   0.1937E-01   0.2813E-01   0.3584E-01   0.5393E-01   0.7185E-01   0.1099E+00   0.1430E+00   0.2162E+00   0.4636E+00   0.5147E+00   0.5502E+00   0.5695E+00   0.5847E+00   0.5931E+00   0.6003E+00   0.6046E+00   0.6085E+00   0.6109E+00   0.6132E+00   0.6142E+00   0.6142E+00   0.6142E+00   0.6142E+00   0.6142E+00   0.6142E+00
0.2640E+03   0.9000E+01   0.9348E-03   0.9762E-03   0.1310E-02   0.1335E-02   0.1779E-02   0.1807E-02   0.2402E-02   0.2459E-02   0.3277E-02   0.3409E-02   0.4569E-02   0.4867E-02   0.6591E-02   0.7250E-02   0.9975E-02   0.1143E-01   0.1609E-01   0.1938E-01   0.2815E-01   0.3585E-01   0.5394E-01   0.7186E-01   0.1099E+00   0.1430E+00   0.2162E+00   0.4636E+00   0.5147E+00   0.5502E+00   0.5695E+00   0.5847E+00   0.5931E+00   0.6004E+00   0.6046E+00   0.6085E+00   0.6109E+00   0.6124E+00   0.6124E+00   0.6124E+00   0.6124E+00   0.6124E+00   0.6124E+00
0.2650E+03   0.9333E+01   0.7425E-03   0.9957E-03   0.1021E-02   0.1356E-02   0.1371E-02   0.1816E-02   0.1837E-02   0.2434E-02   0.2486E-02   0.3303E-02   0.3432E-02   0.4591E-02   0.4887E-02   0.6609E-02   0.7267E-02   0.9989E-02   0.1144E-01   0.1610E-01   0.1939E-01   0.2816E-01   0.3586E-01   0.5395E-01   0.7187E-01   0.1099E+00   0.1430E+00   0.2162E+00   0.4636E+00   0.5147E+00   0.5502E+00   0.5695E+00   0.5847E+00   0.5931E+00   0.6004E+00   0.6047E+00   0.6086E+00   0.6103E+00   0.6103E+00   0.6103E+00   0.6103E+00   0.6103E+00   0.6103E+00
0.2660E+03   0.9667E+01   0.7487E-03   0.7792E-03   0.1039E-02   0.1052E-02   0.1392E-02   0.1399E-02   0.1846E-02   0.1862E-02   0.2458E-02   0.2507E-02   0.3324E-02   0.3450E-02   0.4608E-02   0.4902E-02   0.6624E-02   0.7280E-02   0.1000E-01   0.1145E-01   0.1611E-01   0.1940E-01   0.2816E-01   0.3587E-01   0.5396E-01   0.7188E-01   0.1099E+00   0.1430E+00   0.2162E+00   0.4636E+00   0.5148E+00   0.5503E+00   0.5695E+00   0.5847E+00   0.5931E+00   0.6004E+00   0.6047E+00   0.6073E+00   0.6073E+00   0.6073E+00   0.6073E+00   0.6073E+00   0.6073E+00
0.2670E+03   0.1000E+02   0.5999E-03   0.7997E-03   0.8169E-03   0.1078E-02   0.1083E-02   0.1423E-02   0.1425E-02   0.1872E-02   0.1884E-02   0.2480E-02   0.2526E-02   0.3342E-02   0.3466E-02   0.4623E-02   0.4916E-02   0.6635E-02   0.7291E-02   0.1001E-01   0.1146E-01   0.1612E-01   0.1941E-01   0.2817E-01   0.3588E-01   0.5396E-01   0.7189E-01   0.1099E+00   0.1431E+00   0.2162E+00   0.4637E+00   0.5148E+00   0.5503E+00   0.5696E+00   0.5848E+00   0.5931E+00   0.6004E+00   0.6037E+00   0.6037E+00   0.6037E+00   0.6037E+00   0.6037E+00   0.6037E+00
0.2680E+03   0.1033E+02   0.6075E-03   0.6316E-03   0.8366E-03   0.8442E-03   0.1108E-02   0.1107E-02   0.1448E-02   0.1446E-02   0.1893E-02   0.1903E-02   0.2498E-02   0.2542E-02   0.3356E-02   0.3479E-02   0.4634E-02   0.4927E-02   0.6644E-02   0.7300E-02   0.1002E-01   0.1147E-01   0.1612E-01   0.1941E-01   0.2817E-01   0.3588E-01   0.5396E-01   0.7189E-01   0.1099E+00   0.1431E+00   0.2162E+00   0.4637E+00   0.5148E+00   0.5503E+00   0.5696E+00   0.5848E+00   0.5932E+00   0.5983E+00   0.5983E+00   0.5983E+00   0.5983E+00   0.5983E+00   0.5983E+00
0.2690E+03   0.1067E+02   0.4911E-03   0.6504E-03   0.6638E-03   0.8694E-03   0.8705E-03   0.1135E-02   0.1129E-02   0.1470E-02   0.1465E-02   0.1911E-02   0.1919E-02   0.2513E-02   0.2556E-02   0.3368E-02   0.3491E-02   0.4644E-02   0.4936E-02   0.6651E-02   0.7307E-02   0.1002E-01   0.1148E-01   0.1612E-01   0.1942E-01   0.2817E-01   0.3588E-01   0.5396E-01   0.7189E-01   0.1099E+00   0.1431E+00   0.2162E+00   0.4637E+00   0.5148E+00   0.5503E+00   0.5696E+00   0.5848E+00   0.5917E+00   0.5917E+00   0.5917E+00   0.5917E+00   0.5917E+00   0.5917E+00
0.2700E+03   0.1100E+02   0.4982E-03   0.5186E-03   0.6817E-03   0.6874E-03   0.8948E-03   0.8911E-03   0.1156E-02   0.1147E-02   0.1488E-02   0.1481E-02   0.1926E-02   0.1932E-02   0.2524E-02   0.2566E-02   0.3377E-02   0.3499E-02   0.4650E-02   0.4943E-02   0.6656E-02   0.7312E-02   0.1002E-01   0.1148E-01   0.1612E-01   0.1942E-01   0.2817E-01   0.3588E-01   0.5396E-01   0.7190E-01   0.1099E+00   0.1431E+00   0.2162E+00   0.4637E+00   0.5148E+00   0.5503E+00   0.5696E+00   0.5810E+00   0.5810E+00   0.5810E+00   0.5810E+00   0.5810E+00   0.5810E+00
0.2710E+03   0.1133E+02   0.4065E-03   0.5344E-03   0.5462E-03   0.7094E-03   0.7099E-03   0.9172E-03   0.9101E-03   0.1174E-02   0.1163E-02   0.1503E-02   0.1495E-02   0.1938E-02   0.1943E-02   0.2534E-02   0.2576E-02   0.3385E-02   0.3507E-02   0.4655E-02   0.4949E-02   0.6658E-02   0.7316E-02   0.1002E-01   0.1148E-01   0.1612E-01   0.1942E-01   0.2817E-01   0.3588E-01   0.5396E-01   0.7189E-01   0.1099E+00   0.1431E+00   0.2162E+00   0.4637E+00   0.5148E+00   0.5504E+00   0.5670E+00   0.5670E+00   0.5670E+00   0.5670E+00   0.5670E+00   0.5670E+00
0.2720E+03   0.1167E+02   0.4123E-03   0.4304E-03   0.5610E-03   0.5666E-03   0.7309E-03   0.7276E-03   0.9350E-03   0.9254E-03   0.1189E-02   0.1176E-02   0.1515E-02   0.1506E-02   0.1947E-02   0.1952E-02   0.2541E-02   0.2583E-02   0.3389E-02   0.3512E-02   0.4658E-02   0.4953E-02   0.6659E-02   0.7319E-02   0.1002E-01   0.1148E-01   0.1612E-01   0.1942E-01   0.2816E-01   0.3588E-01   0.5396E-01   0.7189E-01   0.1099E+00   0.1430E+00   0.2163E+00   0.4637E+00   0.5149E+00   0.5427E+00   0.5427E+00   0.5427E+00   0.5427E+00   0.5427E+00   0.5427E+00
0.2730E+03   0.1200E+02   0.3396E-03   0.4428E-03   0.4540E-03   0.5844E-03   0.5858E-03   0.7497E-03   0.7438E-03   0.9502E-03   0.9391E-03   0.1201E-02   0.1188E-02   0.1524E-02   0.1515E-02   0.1954E-02   0.1960E-02   0.2546E-02   0.2589E-02   0.3393E-02   0.3517E-02   0.4659E-02   0.4956E-02   0.6659E-02   0.7320E-02   0.1002E-01   0.1148E-01   0.1612E-01   0.1942E-01   0.2816E-01   0.3588E-01   0.5396E-01   0.7188E-01   0.1099E+00   0.1430E+00   0.2164E+00   0.4638E+00   0.5236E+00   0.5236E+00   0.5236E+00   0.5236E+00   0.5236E+00   0.5236E+00
0.2740E+03   0.1233E+02   0.3437E-03   0.3605E-03   0.4654E-03   0.4718E-03   0.6024E-03   0.6011E-03   0.7643E-03   0.7570E-03   0.9620E-03   0.9503E-03   0.1210E-02   0.1197E-02   0.1531E-02   0.1523E-02   0.1959E-02   0.1966E-02   0.2549E-02   0.2594E-02   0.3393E-02   0.3520E-02   0.4658E-02   0.4958E-02   0.6657E-02   0.7321E-02   0.1002E-01   0.1148E-01   0.1612E-01   0.1942E-01   0.2817E-01   0.3587E-01   0.5398E-01   0.7186E-01   0.1100E+00   0.1429E+00   0.2167E+00   0.3885E+00   0.3885E+00   0.3885E+00   0.3885E+00   0.3885E+00   0.3885E+00
0.2370E+03   0.1267E+02   0.2861E-03   0.3693E-03   0.3810E-03   0.4847E-03   0.4885E-03   0.6177E-03   0.6153E-03   0.7765E-03   0.7690E-03   0.9714E-03   0.9605E-03   0.1217E-02   0.1206E-02   0.1536E-02   0.1530E-02   0.1961E-02   0.1972E-02   0.2549E-02   0.2599E-02   0.3391E-02   0.3525E-02   0.4655E-02   0.4962E-02   0.6651E-02   0.7326E-02   0.1001E-01   0.1149E-01   0.1612E-01   0.1943E-01   0.2818E-01   0.3591E-01   0.5407E-01   0.7196E-01   0.1103E+00   0.1430E+00   0.2469E+00   0.2469E+00   0.2469E+00   0.2469E+00   0.2469E+00   0.2469E+00
0.1184E+04   0.1293E+02   0.2924E-03   0.3111E-03   0.3939E-03   0.4053E-03   0.5072E-03   0.5135E-03   0.6394E-03   0.6418E-03   0.7985E-03   0.7984E-03   0.9950E-03   0.9945E-03   0.1244E-02   0.1247E-02   0.1569E-02   0.1582E-02   0.2004E-02   0.2042E-02   0.2608E-02   0.2696E-02   0.3479E-02   0.3668E-02   0.4791E-02   0.5185E-02   0.6880E-02   0.7697E-02   0.1042E-01   0.1216E-01   0.1691E-01   0.2073E-01   0.2986E-01   0.3868E-01   0.5776E-01   0.7792E-01   0.1177E+00   0.1719E+00   0.1719E+00   0.1719E+00   0.1719E+00   0.1719E+00   0.1719E+00
0.1185E+04   0.1323E+02   0.2505E-03   0.3163E-03   0.3328E-03   0.4133E-03   0.4250E-03   0.5239E-03   0.5324E-03   0.6544E-03   0.6608E-03   0.8125E-03   0.8183E-03   0.1009E-02   0.1017E-02   0.1259E-02   0.1273E-02   0.1585E-02   0.1614E-02   0.2025E-02   0.2083E-02   0.2636E-02   0.2753E-02   0.3521E-02   0.3751E-02   0.4858E-02   0.5314E-02   0.6994E-02   0.7912E-02   0.1063E-01   0.1254E-01   0.1733E-01   0.2149E-01   0.3076E-01   0.4029E-01   0.5976E-01   0.8137E-01   0.1082E+00   0.1082E+00   0.1082E+00   0.1082E+00   0.1082E+00   0.1082E+00
0.1186E+04   0.1356E+02   0.2479E-03   0.2674E-03   0.3324E-03   0.3469E-03   0.4257E-03   0.4372E-03   0.5334E-03   0.5429E-03   0.6614E-03   0.6699E-03   0.8171E-03   0.8263E-03   0.1011E-02   0.1024E-02   0.1259E-02   0.1279E-02   0.1583E-02   0.1620E-02   0.2020E-02   0.2090E-02   0.2629E-02   0.2761E-02   0.3509E-02   0.3761E-02   0.4842E-02   0.5327E-02   0.6971E-02   0.7931E-02   0.1060E-01   0.1257E-01   0.1728E-01   0.2154E-01   0.3067E-01   0.4038E-01   0.5965E-01   0.7368E-01   0.7368E-01   0.7368E-01   0.7368E-01   0.7368E-01   0.7368E-01
0.1187E+04   0.1393E+02   0.2115E-03   0.2636E-03   0.2798E-03   0.3426E-03   0.3554E-03   0.4318E-03   0.4424E-03   0.5358E-03   0.5450E-03   0.6600E-03   0.6688E-03   0.8117E-03   0.8215E-03   0.1001E-02   0.1015E-02   0.1243E-02   0.1265E-02   0.1560E-02   0.1599E-02   0.1987E-02   0.2058E-02   0.2580E-02   0.2713E-02   0.3438E-02   0.3688E-02   0.4732E-02   0.5210E-02   0.6794E-02   0.7730E-02   0.1029E-01   0.1220E-01   0.1670E-01   0.2079E-01   0.2949E-01   0.3877E-01   0.4543E-01   0.4543E-01   0.4543E-01   0.4543E-01   0.4543E-01   0.4543E-01
0.1188E+04   0.1435E+02   0.2039E-03   0.2207E-03   0.2718E-03   0.2846E-03   0.3460E-03   0.3564E-03   0.4307E-03   0.4393E-03   0.5300E-03   0.5375E-03   0.6492E-03   0.6562E-03   0.7949E-03   0.8029E-03   0.9770E-03   0.9883E-03   0.1210E-02   0.1228E-02   0.1514E-02   0.1548E-02   0.1922E-02   0.1986E-02   0.2489E-02   0.2609E-02   0.3303E-02   0.3530E-02   0.4525E-02   0.4960E-02   0.6457E-02   0.7307E-02   0.9706E-02   0.1143E-01   0.1559E-01   0.1926E-01   0.2722E-01   0.3003E-01   0.3003E-01   0.3003E-01   0.3003E-01   0.3003E-01   0.3003E-01
0.1189E+04   0.1482E+02   0.1712E-03   0.2121E-03   0.2249E-03   0.2740E-03   0.2836E-03   0.3430E-03   0.3505E-03   0.4225E-03   0.4282E-03   0.5162E-03   0.5205E-03   0.6288E-03   0.6323E-03   0.7668E-03   0.7703E-03   0.9390E-03   0.9446E-03   0.1159E-02   0.1170E-02   0.1445E-02   0.1468E-02   0.1828E-02   0.1875E-02   0.2355E-02   0.2450E-02   0.3108E-02   0.3293E-02   0.4227E-02   0.4587E-02   0.5975E-02   0.6685E-02   0.8873E-02   0.1031E-01   0.1404E-01   0.1709E-01   0.1817E-01   0.1817E-01   0.1817E-01   0.1817E-01   0.1817E-01   0.1817E-01
0.1190E+04   0.1535E+02   0.1614E-03   0.1736E-03   0.2134E-03   0.2220E-03   0.2696E-03   0.2756E-03   0.3331E-03   0.3370E-03   0.4068E-03   0.4086E-03   0.4939E-03   0.4937E-03   0.5988E-03   0.5968E-03   0.7272E-03   0.7241E-03   0.8873E-03   0.8842E-03   0.1091E-02   0.1090E-02   0.1355E-02   0.1361E-02   0.1705E-02   0.1729E-02   0.2184E-02   0.2242E-02   0.2860E-02   0.2987E-02   0.3853E-02   0.4113E-02   0.5378E-02   0.5908E-02   0.7859E-02   0.8943E-02   0.1218E-01   0.1241E-01   0.1241E-01   0.1241E-01   0.1241E-01   0.1241E-01   0.1241E-01
0.1191E+04   0.1594E+02   0.1319E-03   0.1634E-03   0.1711E-03   0.2090E-03   0.2136E-03   0.2594E-03   0.2614E-03   0.3169E-03   0.3165E-03   0.3840E-03   0.3810E-03   0.4637E-03   0.4578E-03   0.5597E-03   0.5508E-03   0.6772E-03   0.6653E-03   0.8233E-03   0.8088E-03   0.1008E-02   0.9922E-03   0.1246E-02   0.1232E-02   0.1560E-02   0.1553E-02   0.1984E-02   0.1997E-02   0.2575E-02   0.2631E-02   0.3427E-02   0.3572E-02   0.4712E-02   0.5038E-02   0.6753E-02   0.7454E-02   0.7502E-02   0.7502E-02   0.7502E-02   0.7502E-02   0.7502E-02   0.7502E-02
0.1192E+04   0.1660E+02   0.1222E-03   0.1289E-03   0.1592E-03   0.1624E-03   0.1987E-03   0.1991E-03   0.2432E-03   0.2408E-03   0.2945E-03   0.2891E-03   0.3546E-03   0.3458E-03   0.4262E-03   0.4134E-03   0.5126E-03   0.4953E-03   0.6182E-03   0.5957E-03   0.7491E-03   0.7209E-03   0.9137E-03   0.8797E-03   0.1124E-02   0.1085E-02   0.1399E-02   0.1357E-02   0.1765E-02   0.1728E-02   0.2268E-02   0.2246E-02   0.2979E-02   0.3000E-02   0.4027E-02   0.4142E-02   0.5648E-02   0.5502E-02   0.5502E-02   0.5502E-02   0.5502E-02   0.5502E-02   0.5502E-02
0.1193E+04   0.1735E+02   0.9624E-04   0.1196E-03   0.1216E-03   0.1501E-03   0.1489E-03   0.1836E-03   0.1795E-03   0.2220E-03   0.2146E-03   0.2666E-03   0.2556E-03   0.3194E-03   0.3040E-03   0.3826E-03   0.3620E-03   0.4590E-03   0.4320E-03   0.5524E-03   0.5178E-03   0.6678E-03   0.6240E-03   0.8120E-03   0.7576E-03   0.9950E-03   0.9284E-03   0.1231E-02   0.1151E-02   0.1541E-02   0.1449E-02   0.1960E-02   0.1857E-02   0.2539E-02   0.2434E-02   0.3372E-02   0.3283E-02   0.3250E-02   0.3250E-02   0.3250E-02   0.3250E-02   0.3250E-02   0.3250E-02
0.1194E+04   0.1818E+02   0.8872E-04   0.8973E-04   0.1118E-03   0.1091E-03   0.1362E-03   0.1304E-03   0.1638E-03   0.1547E-03   0.1960E-03   0.1832E-03   0.2340E-03   0.2168E-03   0.2795E-03   0.2568E-03   0.3343E-03   0.3050E-03   0.4010E-03   0.3633E-03   0.4825E-03   0.4345E-03   0.5829E-03   0.5222E-03   0.7079E-03   0.6314E-03   0.8651E-03   0.7692E-03   0.1066E-02   0.9459E-03   0.1325E-02   0.1177E-02   0.1669E-02   0.1485E-02   0.2135E-02   0.1907E-02   0.2788E-02   0.2664E-02   0.2664E-02   0.2664E-02   0.2664E-02   0.2664E-02   0.2664E-02
0.1195E+04   0.1912E+02   0.6771E-04   0.8385E-04   0.7994E-04   0.1003E-03   0.9298E-04   0.1188E-03   0.1081E-03   0.1404E-03   0.1260E-03   0.1664E-03   0.1477E-03   0.1979E-03   0.1739E-03   0.2363E-03   0.2058E-03   0.2833E-03   0.2446E-03   0.3409E-03   0.2918E-03   0.4117E-03   0.3495E-03   0.4990E-03   0.4203E-03   0.6073E-03   0.5076E-03   0.7425E-03   0.6161E-03   0.9130E-03   0.7525E-03   0.1131E-02   0.9259E-03   0.1414E-02   0.1149E-02   0.1791E-02   0.1444E-02   0.1463E-02   0.1463E-02   0.1463E-02   0.1463E-02   0.1463E-02   0.1463E-02
0.1196E+04   0.2017E+02   0.6559E-04   0.6065E-04   0.7537E-04   0.6650E-04   0.8565E-04   0.7338E-04   0.9812E-04   0.8227E-04   0.1139E-03   0.9390E-04   0.1339E-03   0.1090E-03   0.1594E-03   0.1283E-03   0.1915E-03   0.1526E-03   0.2317E-03   0.1831E-03   0.2818E-03   0.2207E-03   0.3441E-03   0.2671E-03   0.4212E-03   0.3240E-03   0.5170E-03   0.3937E-03   0.6361E-03   0.4790E-03   0.7852E-03   0.5836E-03   0.9736E-03   0.7123E-03   0.1215E-02   0.8705E-03   0.1531E-02   0.1460E-02   0.1460E-02   0.1460E-02   0.1460E-02   0.1460E-02   0.1460E-02
0.1197E+04   0.2135E+02   0.5366E-04   0.6294E-04   0.5252E-04   0.6544E-04   0.5136E-04   0.6917E-04   0.5160E-04   0.7546E-04   0.5404E-04   0.8533E-04   0.5936E-04   0.9976E-04   0.6820E-04   0.1198E-03   0.8126E-04   0.1467E-03   0.9931E-04   0.1819E-03   0.1232E-03   0.2270E-03   0.1539E-03   0.2842E-03   0.1926E-03   0.3560E-03   0.2405E-03   0.4457E-03   0.2992E-03   0.5576E-03   0.3705E-03   0.6976E-03   0.4561E-03   0.8740E-03   0.5576E-03   0.1099E-02   0.6763E-03   0.7230E-03   0.7230E-03   0.7230E-03   0.7230E-03   0.7230E-03   0.7230E-03
0.1183E+04   0.2267E+02   0.6544E-04   0.5344E-04   0.6042E-04   0.4397E-04   0.5500E-04   0.3504E-04   0.5149E-04   0.2797E-04   0.5114E-04   0.2357E-04   0.5503E-04   0.2255E-04   0.6420E-04   0.2562E-04   0.7981E-04   0.3353E-04   0.1032E-03   0.4712E-04   0.1359E-03   0.6732E-04   0.1799E-03   0.9520E-04   0.2374E-03   0.1320E-03   0.3114E-03   0.1791E-03   0.4056E-03   0.2383E-03   0.5250E-03   0.3112E-03   0.6763E-03   0.3995E-03   0.8694E-03   0.5043E-03   0.1119E-02   0.1000E-02   0.1000E-02   0.1000E-02   0.1000E-02   0.1000E-02   0.1000E-02
