0.2350E+03   0.0000E+00   -.1885E+00   0.2155E+00   -.1078E+00   -.1886E-01   -.1577E+00   -.1215E+00   -.1914E+00   -.1740E+00   -.2135E+00   -.2038E+00   -.2280E+00   -.2222E+00   -.2379E+00   -.2342E+00   -.2448E+00   -.2424E+00   -.2498E+00   -.2483E+00   -.2536E+00   -.2526E+00   -.2565E+00   -.2559E+00   -.2588E+00   -.2585E+00   -.2606E+00   -.2605E+00   -.2621E+00   -.2621E+00   -.2634E+00   -.2634E+00   -.2644E+00   -.2645E+00   -.2653E+00   -.2654E+00   -.2660E+00   -.2662E+00   -.2662E+00   -.2662E+00   -.2662E+00   -.2662E+00   -.2662E+00
0.2380E+03   0.3333E+00   -.4731E+00   -.9572E+00   -.7591E+00   -.9894E+00   -.9269E+00   -.1031E+01   -.1004E+01   -.1059E+01   -.1046E+01   -.1077E+01   -.1070E+01   -.1090E+01   -.1085E+01   -.1098E+01   -.1095E+01   -.1104E+01   -.1102E+01   -.1108E+01   -.1107E+01   -.1112E+01   -.1111E+01   -.1114E+01   -.1114E+01   -.1116E+01   -.1116E+01   -.1118E+01   -.1118E+01   -.1119E+01   -.1119E+01   -.1121E+01   -.1121E+01   -.1122E+01   -.1122E+01   -.1122E+01   -.1122E+01   -.1123E+01   -.1123E+01   -.1123E+01   -.1123E+01   -.1123E+01   -.1123E+01
0.2390E+03   0.6667E+00   -.3644E+00   0.5167E-01   -.5803E+00   -.4111E+00   -.6075E+00   -.5546E+00   -.6439E+00   -.6210E+00   -.6681E+00   -.6564E+00   -.6841E+00   -.6774E+00   -.6948E+00   -.6907E+00   -.7023E+00   -.6996E+00   -.7076E+00   -.7059E+00   -.7116E+00   -.7105E+00   -.7146E+00   -.7139E+00   -.7170E+00   -.7166E+00   -.7188E+00   -.7187E+00   -.7204E+00   -.7203E+00   -.7216E+00   -.7217E+00   -.7227E+00   -.7228E+00   -.7236E+00   -.7237E+00   -.7243E+00   -.7246E+00   -.7246E+00   -.7246E+00   -.7246E+00   -.7246E+00   -.7246E+00
0.2400E+03   0.1000E+01   -.4528E+01   -.9631E+00   -.5230E+00   -.1119E+01   -.9600E+00   -.1141E+01   -.1092E+01   -.1174E+01   -.1153E+01   -.1196E+01   -.1185E+01   -.1210E+01   -.1204E+01   -.1220E+01   -.1216E+01   -.1227E+01   -.1225E+01   -.1232E+01   -.1230E+01   -.1235E+01   -.1235E+01   -.1238E+01   -.1238E+01   -.1240E+01   -.1240E+01   -.1242E+01   -.1242E+01   -.1244E+01   -.1244E+01   -.1245E+01   -.1245E+01   -.1246E+01   -.1246E+01   -.1247E+01   -.1247E+01   -.1247E+01   -.1247E+01   -.1247E+01   -.1247E+01   -.1247E+01   -.1247E+01
0.2410E+03   0.1333E+01   -.4950E+01   -.4574E+01   -.9203E+00   -.5050E+00   -.1088E+01   -.9328E+00   -.1106E+01   -.1060E+01   -.1137E+01   -.1117E+01   -.1157E+01   -.1148E+01   -.1171E+01   -.1165E+01   -.1180E+01   -.1177E+01   -.1187E+01   -.1184E+01   -.1191E+01   -.1190E+01   -.1195E+01   -.1194E+01   -.1197E+01   -.1197E+01   -.1199E+01   -.1199E+01   -.1201E+01   -.1201E+01   -.1202E+01   -.1202E+01   -.1203E+01   -.1204E+01   -.1204E+01   -.1205E+01   -.1205E+01   -.1205E+01   -.1205E+01   -.1205E+01   -.1205E+01   -.1205E+01   -.1205E+01
0.2420E+03   0.1667E+01   -.4735E+01   -.5002E+01   -.4595E+01   -.9094E+00   -.5027E+00   -.1078E+01   -.9251E+00   -.1095E+01   -.1049E+01   -.1124E+01   -.1104E+01   -.1143E+01   -.1134E+01   -.1156E+01   -.1151E+01   -.1165E+01   -.1162E+01   -.1171E+01   -.1169E+01   -.1175E+01   -.1174E+01   -.1179E+01   -.1178E+01   -.1181E+01   -.1181E+01   -.1183E+01   -.1183E+01   -.1185E+01   -.1185E+01   -.1186E+01   -.1186E+01   -.1187E+01   -.1187E+01   -.1188E+01   -.1188E+01   -.1188E+01   -.1188E+01   -.1188E+01   -.1188E+01   -.1188E+01   -.1188E+01
0.2430E+03   0.2000E+01   -.4972E+01   -.4774E+01   -.5037E+01   -.4612E+01   -.9002E+00   -.4991E+00   -.1071E+01   -.9192E+00   -.1086E+01   -.1041E+01   -.1114E+01   -.1096E+01   -.1133E+01   -.1124E+01   -.1146E+01   -.1141E+01   -.1154E+01   -.1151E+01   -.1160E+01   -.1158E+01   -.1164E+01   -.1163E+01   -.1168E+01   -.1167E+01   -.1170E+01   -.1170E+01   -.1172E+01   -.1172E+01   -.1173E+01   -.1173E+01   -.1175E+01   -.1175E+01   -.1176E+01   -.1176E+01   -.1176E+01   -.1177E+01   -.1177E+01   -.1177E+01   -.1177E+01   -.1177E+01   -.1177E+01
0.2440E+03   0.2333E+01   -.4999E+01   -.5009E+01   -.4800E+01   -.5059E+01   -.4623E+01   -.8984E+00   -.4997E+00   -.1069E+01   -.9182E+00   -.1084E+01   -.1039E+01   -.1111E+01   -.1093E+01   -.1130E+01   -.1121E+01   -.1142E+01   -.1137E+01   -.1150E+01   -.1147E+01   -.1156E+01   -.1154E+01   -.1160E+01   -.1159E+01   -.1163E+01   -.1162E+01   -.1165E+01   -.1165E+01   -.1167E+01   -.1167E+01   -.1169E+01   -.1169E+01   -.1170E+01   -.1170E+01   -.1171E+01   -.1171E+01   -.1171E+01   -.1171E+01   -.1171E+01   -.1171E+01   -.1171E+01   -.1171E+01
0.2450E+03   0.2667E+01   -.5070E+01   -.5022E+01   -.5029E+01   -.4815E+01   -.5074E+01   -.4632E+01   -.8956E+00   -.4988E+00   -.1067E+01   -.9166E+00   -.1081E+01   -.1037E+01   -.1108E+01   -.1090E+01   -.1127E+01   -.1118E+01   -.1139E+01   -.1134E+01   -.1147E+01   -.1144E+01   -.1152E+01   -.1150E+01   -.1156E+01   -.1155E+01   -.1159E+01   -.1158E+01   -.1161E+01   -.1161E+01   -.1163E+01   -.1163E+01   -.1165E+01   -.1164E+01   -.1166E+01   -.1166E+01   -.1167E+01   -.1167E+01   -.1167E+01   -.1167E+01   -.1167E+01   -.1167E+01   -.1167E+01
0.2460E+03   0.3000E+01   -.5051E+01   -.5093E+01   -.5038E+01   -.5044E+01   -.4827E+01   -.5084E+01   -.4638E+01   -.8952E+00   -.4992E+00   -.1066E+01   -.9165E+00   -.1080E+01   -.1036E+01   -.1107E+01   -.1089E+01   -.1125E+01   -.1117E+01   -.1137E+01   -.1132E+01   -.1145E+01   -.1142E+01   -.1151E+01   -.1149E+01   -.1154E+01   -.1153E+01   -.1157E+01   -.1157E+01   -.1160E+01   -.1159E+01   -.1161E+01   -.1161E+01   -.1163E+01   -.1163E+01   -.1164E+01   -.1164E+01   -.1164E+01   -.1164E+01   -.1164E+01   -.1164E+01   -.1164E+01   -.1164E+01
0.2470E+03   0.3333E+01   -.5070E+01   -.5064E+01   -.5106E+01   -.5048E+01   -.5054E+01   -.4834E+01   -.5092E+01   -.4642E+01   -.8943E+00   -.4990E+00   -.1066E+01   -.9161E+00   -.1079E+01   -.1035E+01   -.1106E+01   -.1088E+01   -.1124E+01   -.1115E+01   -.1136E+01   -.1131E+01   -.1144E+01   -.1141E+01   -.1149E+01   -.1147E+01   -.1153E+01   -.1152E+01   -.1156E+01   -.1155E+01   -.1158E+01   -.1157E+01   -.1160E+01   -.1159E+01   -.1161E+01   -.1161E+01   -.1162E+01   -.1162E+01   -.1162E+01   -.1162E+01   -.1162E+01   -.1162E+01   -.1162E+01
0.2480E+03   0.3667E+01   -.5046E+01   -.5085E+01   -.5075E+01   -.5117E+01   -.5056E+01   -.5061E+01   -.4840E+01   -.5098E+01   -.4646E+01   -.8942E+00   -.4993E+00   -.1066E+01   -.9162E+00   -.1079E+01   -.1035E+01   -.1106E+01   -.1088E+01   -.1124E+01   -.1115E+01   -.1135E+01   -.1130E+01   -.1143E+01   -.1140E+01   -.1148E+01   -.1146E+01   -.1152E+01   -.1151E+01   -.1155E+01   -.1154E+01   -.1157E+01   -.1157E+01   -.1159E+01   -.1158E+01   -.1160E+01   -.1160E+01   -.1160E+01   -.1160E+01   -.1160E+01   -.1160E+01   -.1160E+01   -.1160E+01
0.2490E+03   0.4000E+01   -.5053E+01   -.5055E+01   -.5094E+01   -.5083E+01   -.5124E+01   -.5062E+01   -.5067E+01   -.4845E+01   -.5102E+01   -.4649E+01   -.8939E+00   -.4993E+00   -.1066E+01   -.9162E+00   -.1079E+01   -.1035E+01   -.1105E+01   -.1087E+01   -.1123E+01   -.1114E+01   -.1135E+01   -.1130E+01   -.1142E+01   -.1139E+01   -.1148E+01   -.1146E+01   -.1151E+01   -.1150E+01   -.1154E+01   -.1153E+01   -.1156E+01   -.1156E+01   -.1158E+01   -.1158E+01   -.1159E+01   -.1159E+01   -.1159E+01   -.1159E+01   -.1159E+01   -.1159E+01   -.1159E+01
0.2500E+03   0.4333E+01   -.5034E+01   -.5063E+01   -.5063E+01   -.5102E+01   -.5088E+01   -.5130E+01   -.5066E+01   -.5071E+01   -.4849E+01   -.5105E+01   -.4651E+01   -.8939E+00   -.4995E+00   -.1066E+01   -.9163E+00   -.1079E+01   -.1035E+01   -.1105E+01   -.1087E+01   -.1123E+01   -.1114E+01   -.1134E+01   -.1130E+01   -.1142E+01   -.1139E+01   -.1147E+01   -.1145E+01   -.1151E+01   -.1150E+01   -.1154E+01   -.1153E+01   -.1156E+01   -.1155E+01   -.1157E+01   -.1157E+01   -.1158E+01   -.1158E+01   -.1158E+01   -.1158E+01   -.1158E+01   -.1158E+01
0.2510E+03   0.4667E+01   -.5039E+01   -.5041E+01   -.5070E+01   -.5068E+01   -.5107E+01   -.5093E+01   -.5134E+01   -.5070E+01   -.5074E+01   -.4851E+01   -.5108E+01   -.4653E+01   -.8939E+00   -.4996E+00   -.1066E+01   -.9163E+00   -.1079E+01   -.1035E+01   -.1105E+01   -.1087E+01   -.1123E+01   -.1114E+01   -.1134E+01   -.1129E+01   -.1142E+01   -.1139E+01   -.1147E+01   -.1145E+01   -.1151E+01   -.1149E+01   -.1153E+01   -.1153E+01   -.1155E+01   -.1155E+01   -.1157E+01   -.1157E+01   -.1157E+01   -.1157E+01   -.1157E+01   -.1157E+01   -.1157E+01
0.2520E+03   0.5000E+01   -.5025E+01   -.5046E+01   -.5046E+01   -.5076E+01   -.5072E+01   -.5111E+01   -.5096E+01   -.5137E+01   -.5073E+01   -.5077E+01   -.4854E+01   -.5111E+01   -.4655E+01   -.8940E+00   -.4997E+00   -.1066E+01   -.9165E+00   -.1079E+01   -.1035E+01   -.1105E+01   -.1087E+01   -.1123E+01   -.1114E+01   -.1134E+01   -.1129E+01   -.1142E+01   -.1139E+01   -.1147E+01   -.1145E+01   -.1150E+01   -.1149E+01   -.1153E+01   -.1152E+01   -.1155E+01   -.1155E+01   -.1155E+01   -.1155E+01   -.1155E+01   -.1155E+01   -.1155E+01   -.1155E+01
0.2530E+03   0.5333E+01   -.5028E+01   -.5030E+01   -.5051E+01   -.5050E+01   -.5080E+01   -.5075E+01   -.5114E+01   -.5099E+01   -.5139E+01   -.5075E+01   -.5079E+01   -.4856E+01   -.5113E+01   -.4656E+01   -.8940E+00   -.4998E+00   -.1066E+01   -.9165E+00   -.1079E+01   -.1035E+01   -.1105E+01   -.1087E+01   -.1123E+01   -.1114E+01   -.1134E+01   -.1129E+01   -.1141E+01   -.1139E+01   -.1147E+01   -.1145E+01   -.1150E+01   -.1149E+01   -.1153E+01   -.1152E+01   -.1155E+01   -.1155E+01   -.1155E+01   -.1155E+01   -.1155E+01   -.1155E+01   -.1155E+01
0.2540E+03   0.5667E+01   -.5018E+01   -.5034E+01   -.5034E+01   -.5055E+01   -.5054E+01   -.5083E+01   -.5078E+01   -.5117E+01   -.5101E+01   -.5142E+01   -.5077E+01   -.5081E+01   -.4857E+01   -.5114E+01   -.4657E+01   -.8941E+00   -.4999E+00   -.1066E+01   -.9166E+00   -.1079E+01   -.1035E+01   -.1105E+01   -.1087E+01   -.1123E+01   -.1114E+01   -.1134E+01   -.1129E+01   -.1141E+01   -.1138E+01   -.1146E+01   -.1145E+01   -.1150E+01   -.1149E+01   -.1153E+01   -.1152E+01   -.1153E+01   -.1153E+01   -.1153E+01   -.1153E+01   -.1153E+01   -.1153E+01
0.2550E+03   0.6000E+01   -.5021E+01   -.5022E+01   -.5038E+01   -.5037E+01   -.5058E+01   -.5056E+01   -.5086E+01   -.5080E+01   -.5119E+01   -.5103E+01   -.5143E+01   -.5078E+01   -.5083E+01   -.4859E+01   -.5116E+01   -.4658E+01   -.8942E+00   -.4999E+00   -.1066E+01   -.9167E+00   -.1079E+01   -.1035E+01   -.1105E+01   -.1087E+01   -.1123E+01   -.1114E+01   -.1134E+01   -.1129E+01   -.1141E+01   -.1138E+01   -.1146E+01   -.1145E+01   -.1150E+01   -.1149E+01   -.1153E+01   -.1153E+01   -.1153E+01   -.1153E+01   -.1153E+01   -.1153E+01   -.1153E+01
0.2560E+03   0.6333E+01   -.5014E+01   -.5025E+01   -.5025E+01   -.5041E+01   -.5039E+01   -.5061E+01   -.5058E+01   -.5088E+01   -.5082E+01   -.5121E+01   -.5104E+01   -.5145E+01   -.5080E+01   -.5084E+01   -.4860E+01   -.5117E+01   -.4659E+01   -.8943E+00   -.5000E+00   -.1066E+01   -.9168E+00   -.1079E+01   -.1035E+01   -.1105E+01   -.1087E+01   -.1123E+01   -.1114E+01   -.1134E+01   -.1129E+01   -.1141E+01   -.1138E+01   -.1146E+01   -.1144E+01   -.1150E+01   -.1149E+01   -.1150E+01   -.1150E+01   -.1150E+01   -.1150E+01   -.1150E+01   -.1150E+01
0.2570E+03   0.6667E+01   -.5016E+01   -.5016E+01   -.5028E+01   -.5027E+01   -.5043E+01   -.5042E+01   -.5063E+01   -.5060E+01   -.5089E+01   -.5084E+01   -.5122E+01   -.5106E+01   -.5146E+01   -.5081E+01   -.5085E+01   -.4861E+01   -.5118E+01   -.4660E+01   -.8944E+00   -.5000E+00   -.1066E+01   -.9169E+00   -.1079E+01   -.1035E+01   -.1105E+01   -.1087E+01   -.1123E+01   -.1114E+01   -.1134E+01   -.1129E+01   -.1141E+01   -.1138E+01   -.1146E+01   -.1144E+01   -.1150E+01   -.1150E+01   -.1150E+01   -.1150E+01   -.1150E+01   -.1150E+01   -.1150E+01
0.2580E+03   0.7000E+01   -.5011E+01   -.5019E+01   -.5019E+01   -.5031E+01   -.5030E+01   -.5046E+01   -.5043E+01   -.5065E+01   -.5062E+01   -.5091E+01   -.5085E+01   -.5123E+01   -.5107E+01   -.5147E+01   -.5082E+01   -.5086E+01   -.4862E+01   -.5119E+01   -.4661E+01   -.8945E+00   -.5001E+00   -.1066E+01   -.9169E+00   -.1079E+01   -.1035E+01   -.1105E+01   -.1087E+01   -.1123E+01   -.1114E+01   -.1134E+01   -.1129E+01   -.1141E+01   -.1138E+01   -.1146E+01   -.1144E+01   -.1147E+01   -.1147E+01   -.1147E+01   -.1147E+01   -.1147E+01   -.1147E+01
0.2590E+03   0.7333E+01   -.5013E+01   -.5013E+01   -.5022E+01   -.5021E+01   -.5033E+01   -.5031E+01   -.5047E+01   -.5045E+01   -.5066E+01   -.5063E+01   -.5092E+01   -.5086E+01   -.5125E+01   -.5108E+01   -.5148E+01   -.5083E+01   -.5087E+01   -.4863E+01   -.5120E+01   -.4661E+01   -.8945E+00   -.5001E+00   -.1066E+01   -.9170E+00   -.1079E+01   -.1035E+01   -.1105E+01   -.1087E+01   -.1123E+01   -.1114E+01   -.1134E+01   -.1129E+01   -.1141E+01   -.1138E+01   -.1146E+01   -.1147E+01   -.1147E+01   -.1147E+01   -.1147E+01   -.1147E+01   -.1147E+01
0.2600E+03   0.7667E+01   -.5008E+01   -.5015E+01   -.5015E+01   -.5024E+01   -.5023E+01   -.5035E+01   -.5033E+01   -.5049E+01   -.5046E+01   -.5068E+01   -.5064E+01   -.5093E+01   -.5087E+01   -.5125E+01   -.5108E+01   -.5149E+01   -.5083E+01   -.5087E+01   -.4863E+01   -.5120E+01   -.4662E+01   -.8946E+00   -.5001E+00   -.1066E+01   -.9170E+00   -.1079E+01   -.1035E+01   -.1105E+01   -.1087E+01   -.1123E+01   -.1114E+01   -.1134E+01   -.1129E+01   -.1141E+01   -.1138E+01   -.1142E+01   -.1142E+01   -.1142E+01   -.1142E+01   -.1142E+01   -.1142E+01
0.2610E+03   0.8000E+01   -.5010E+01   -.5010E+01   -.5017E+01   -.5016E+01   -.5026E+01   -.5024E+01   -.5036E+01   -.5034E+01   -.5050E+01   -.5047E+01   -.5069E+01   -.5065E+01   -.5094E+01   -.5088E+01   -.5126E+01   -.5109E+01   -.5150E+01   -.5084E+01   -.5088E+01   -.4864E+01   -.5121E+01   -.4662E+01   -.8947E+00   -.5002E+00   -.1067E+01   -.9171E+00   -.1079E+01   -.1036E+01   -.1105E+01   -.1087E+01   -.1123E+01   -.1114E+01   -.1134E+01   -.1129E+01   -.1141E+01   -.1143E+01   -.1143E+01   -.1143E+01   -.1143E+01   -.1143E+01   -.1143E+01
0.2620E+03   0.8333E+01   -.5007E+01   -.5012E+01   -.5012E+01   -.5019E+01   -.5018E+01   -.5027E+01   -.5025E+01   -.5037E+01   -.5035E+01   -.5051E+01   -.5048E+01   -.5070E+01   -.5066E+01   -.5095E+01   -.5088E+01   -.5127E+01   -.5110E+01   -.5150E+01   -.5085E+01   -.5089E+01   -.4864E+01   -.5121E+01   -.4663E+01   -.8947E+00   -.5002E+00   -.1067E+01   -.9171E+00   -.1079E+01   -.1036E+01   -.1105E+01   -.1087E+01   -.1123E+01   -.1114E+01   -.1134E+01   -.1129E+01   -.1134E+01   -.1134E+01   -.1134E+01   -.1134E+01   -.1134E+01   -.1134E+01
0.2630E+03   0.8667E+01   -.5008E+01   -.5008E+01   -.5014E+01   -.5013E+01   -.5020E+01   -.5019E+01   -.5028E+01   -.5026E+01   -.5039E+01   -.5036E+01   -.5052E+01   -.5049E+01   -.5070E+01   -.5066E+01   -.5095E+01   -.5089E+01   -.5127E+01   -.5110E+01   -.5151E+01   -.5085E+01   -.5089E+01   -.4865E+01   -.5122E+01   -.4663E+01   -.8947E+00   -.5002E+00   -.1067E+01   -.9171E+00   -.1079E+01   -.1036E+01   -.1105E+01   -.1087E+01   -.1123E+01   -.1114E+01   -.1134E+01   -.1136E+01   -.1136E+01   -.1136E+01   -.1136E+01   -.1136E+01   -.1136E+01
0.2640E+03   0.9000E+01   -.5005E+01   -.5010E+01   -.5010E+01   -.5015E+01   -.5014E+01   -.5022E+01   -.5020E+01   -.5029E+01   -.5027E+01   -.5039E+01   -.5037E+01   -.5053E+01   -.5050E+01   -.5071E+01   -.5067E+01   -.5096E+01   -.5090E+01   -.5128E+01   -.5111E+01   -.5151E+01   -.5085E+01   -.5089E+01   -.4865E+01   -.5122E+01   -.4663E+01   -.8948E+00   -.5002E+00   -.1067E+01   -.9172E+00   -.1080E+01   -.1036E+01   -.1106E+01   -.1087E+01   -.1123E+01   -.1114E+01   -.1123E+01   -.1123E+01   -.1123E+01   -.1123E+01   -.1123E+01   -.1123E+01
0.2650E+03   0.9333E+01   -.5007E+01   -.5007E+01   -.5011E+01   -.5011E+01   -.5016E+01   -.5015E+01   -.5023E+01   -.5021E+01   -.5030E+01   -.5028E+01   -.5040E+01   -.5038E+01   -.5053E+01   -.5050E+01   -.5072E+01   -.5067E+01   -.5097E+01   -.5090E+01   -.5128E+01   -.5111E+01   -.5152E+01   -.5086E+01   -.5090E+01   -.4866E+01   -.5122E+01   -.4664E+01   -.8948E+00   -.5003E+00   -.1067E+01   -.9172E+00   -.1080E+01   -.1036E+01   -.1106E+01   -.1087E+01   -.1123E+01   -.1126E+01   -.1126E+01   -.1126E+01   -.1126E+01   -.1126E+01   -.1126E+01
0.2660E+03   0.9667E+01   -.5005E+01   -.5008E+01   -.5008E+01   -.5012E+01   -.5012E+01   -.5017E+01   -.5016E+01   -.5024E+01   -.5022E+01   -.5031E+01   -.5029E+01   -.5041E+01   -.5038E+01   -.5054E+01   -.5051E+01   -.5072E+01   -.5068E+01   -.5097E+01   -.5090E+01   -.5129E+01   -.5112E+01   -.5152E+01   -.5086E+01   -.5090E+01   -.4866E+01   -.5123E+01   -.4664E+01   -.8948E+00   -.5003E+00   -.1067E+01   -.9172E+00   -.1080E+01   -.1036E+01   -.1106E+01   -.1087E+01   -.1104E+01   -.1104E+01   -.1104E+01   -.1104E+01   -.1104E+01   -.1104E+01
0.2670E+03   0.1000E+02   -.5005E+01   -.5006E+01   -.5009E+01   -.5009E+01   -.5013E+01   -.5013E+01   -.5018E+01   -.5017E+01   -.5024E+01   -.5023E+01   -.5032E+01   -.5029E+01   -.5041E+01   -.5039E+01   -.5054E+01   -.5051E+01   -.5072E+01   -.5068E+01   -.5097E+01   -.5091E+01   -.5129E+01   -.5112E+01   -.5152E+01   -.5087E+01   -.5090E+01   -.4866E+01   -.5123E+01   -.4664E+01   -.8948E+00   -.5003E+00   -.1067E+01   -.9172E+00   -.1080E+01   -.1036E+01   -.1106E+01   -.1110E+01   -.1110E+01   -.1110E+01   -.1110E+01   -.1110E+01   -.1110E+01
0.2680E+03   0.1033E+02   -.5004E+01   -.5007E+01   -.5007E+01   -.5010E+01   -.5010E+01   -.5014E+01   -.5013E+01   -.5019E+01   -.5018E+01   -.5025E+01   -.5023E+01   -.5032E+01   -.5030E+01   -.5042E+01   -.5039E+01   -.5055E+01   -.5052E+01   -.5073E+01   -.5069E+01   -.5098E+01   -.5091E+01   -.5129E+01   -.5112E+01   -.5152E+01   -.5087E+01   -.5091E+01   -.4866E+01   -.5123E+01   -.4665E+01   -.8949E+00   -.5003E+00   -.1067E+01   -.9173E+00   -.1080E+01   -.1036E+01   -.1070E+01   -.1070E+01   -.1070E+01   -.1070E+01   -.1070E+01   -.1070E+01
0.2690E+03   0.1067E+02   -.5005E+01   -.5005E+01   -.5008E+01   -.5007E+01   -.5011E+01   -.5011E+01   -.5015E+01   -.5014E+01   -.5020E+01   -.5018E+01   -.5025E+01   -.5024E+01   -.5033E+01   -.5030E+01   -.5042E+01   -.5040E+01   -.5055E+01   -.5052E+01   -.5073E+01   -.5069E+01   -.5098E+01   -.5091E+01   -.5130E+01   -.5113E+01   -.5153E+01   -.5087E+01   -.5091E+01   -.4867E+01   -.5123E+01   -.4665E+01   -.8948E+00   -.5004E+00   -.1067E+01   -.9173E+00   -.1080E+01   -.1085E+01   -.1085E+01   -.1085E+01   -.1085E+01   -.1085E+01   -.1085E+01
0.2700E+03   0.1100E+02   -.5003E+01   -.5006E+01   -.5006E+01   -.5009E+01   -.5008E+01   -.5012E+01   -.5011E+01   -.5016E+01   -.5015E+01   -.5020E+01   -.5019E+01   -.5026E+01   -.5024E+01   -.5033E+01   -.5031E+01   -.5043E+01   -.5040E+01   -.5056E+01   -.5052E+01   -.5073E+01   -.5069E+01   -.5098E+01   -.5092E+01   -.5130E+01   -.5113E+01   -.5153E+01   -.5087E+01   -.5091E+01   -.4867E+01   -.5123E+01   -.4665E+01   -.8948E+00   -.5005E+00   -.1067E+01   -.9176E+00   -.9989E+00   -.9989E+00   -.9989E+00   -.9989E+00   -.9989E+00   -.9989E+00
0.2710E+03   0.1133E+02   -.5004E+01   -.5004E+01   -.5006E+01   -.5006E+01   -.5009E+01   -.5009E+01   -.5013E+01   -.5012E+01   -.5016E+01   -.5015E+01   -.5021E+01   -.5019E+01   -.5026E+01   -.5025E+01   -.5034E+01   -.5031E+01   -.5043E+01   -.5040E+01   -.5056E+01   -.5053E+01   -.5074E+01   -.5070E+01   -.5098E+01   -.5092E+01   -.5130E+01   -.5113E+01   -.5153E+01   -.5087E+01   -.5091E+01   -.4867E+01   -.5124E+01   -.4665E+01   -.8947E+00   -.5006E+00   -.1066E+01   -.1060E+01   -.1060E+01   -.1060E+01   -.1060E+01   -.1060E+01   -.1060E+01
0.2720E+03   0.1167E+02   -.5003E+01   -.5005E+01   -.5005E+01   -.5007E+01   -.5007E+01   -.5010E+01   -.5010E+01   -.5013E+01   -.5012E+01   -.5017E+01   -.5016E+01   -.5021E+01   -.5020E+01   -.5027E+01   -.5025E+01   -.5034E+01   -.5032E+01   -.5043E+01   -.5041E+01   -.5056E+01   -.5053E+01   -.5074E+01   -.5070E+01   -.5099E+01   -.5092E+01   -.5130E+01   -.5113E+01   -.5153E+01   -.5088E+01   -.5091E+01   -.4867E+01   -.5124E+01   -.4665E+01   -.8945E+00   -.5010E+00   -.8483E+00   -.8483E+00   -.8483E+00   -.8483E+00   -.8483E+00   -.8483E+00
0.2730E+03   0.1200E+02   -.5003E+01   -.5004E+01   -.5006E+01   -.5006E+01   -.5008E+01   -.5008E+01   -.5011E+01   -.5010E+01   -.5014E+01   -.5013E+01   -.5017E+01   -.5016E+01   -.5022E+01   -.5020E+01   -.5027E+01   -.5025E+01   -.5034E+01   -.5032E+01   -.5044E+01   -.5041E+01   -.5056E+01   -.5053E+01   -.5074E+01   -.5070E+01   -.5099E+01   -.5092E+01   -.5130E+01   -.5113E+01   -.5153E+01   -.5088E+01   -.5092E+01   -.4867E+01   -.5125E+01   -.4664E+01   -.8942E+00   -.4214E+00   -.4214E+00   -.4214E+00   -.4214E+00   -.4214E+00   -.4214E+00
0.2740E+03   0.1233E+02   -.5003E+01   -.5004E+01   -.5004E+01   -.5006E+01   -.5006E+01   -.5008E+01   -.5008E+01   -.5011E+01   -.5010E+01   -.5014E+01   -.5013E+01   -.5018E+01   -.5016E+01   -.5022E+01   -.5020E+01   -.5027E+01   -.5026E+01   -.5034E+01   -.5032E+01   -.5044E+01   -.5041E+01   -.5056E+01   -.5053E+01   -.5074E+01   -.5070E+01   -.5099E+01   -.5093E+01   -.5131E+01   -.5114E+01   -.5154E+01   -.5088E+01   -.5092E+01   -.4866E+01   -.5125E+01   -.4657E+01   -.1500E+01   -.1500E+01   -.1500E+01   -.1500E+01   -.1500E+01   -.1500E+01
0.2370E+03   0.1267E+02   -.5004E+01   -.5002E+01   -.5006E+01   -.5003E+01   -.5009E+01   -.5004E+01   -.5012E+01   -.5005E+01   -.5015E+01   -.5007E+01   -.5019E+01   -.5008E+01   -.5024E+01   -.5010E+01   -.5030E+01   -.5013E+01   -.5037E+01   -.5016E+01   -.5046E+01   -.5019E+01   -.5059E+01   -.5025E+01   -.5075E+01   -.5033E+01   -.5098E+01   -.5044E+01   -.5130E+01   -.5059E+01   -.5171E+01   -.5069E+01   -.5207E+01   -.5027E+01   -.5161E+01   -.4783E+01   -.5205E+01   -.4176E+01   -.4176E+01   -.4176E+01   -.4176E+01   -.4176E+01   -.4176E+01
0.1184E+04   0.1293E+02   -.5009E+01   -.4995E+01   -.5014E+01   -.4993E+01   -.5019E+01   -.4991E+01   -.5025E+01   -.4989E+01   -.5032E+01   -.4986E+01   -.5040E+01   -.4983E+01   -.5050E+01   -.4978E+01   -.5062E+01   -.4972E+01   -.5077E+01   -.4965E+01   -.5096E+01   -.4956E+01   -.5121E+01   -.4946E+01   -.5152E+01   -.4933E+01   -.5194E+01   -.4918E+01   -.5249E+01   -.4900E+01   -.5322E+01   -.4873E+01   -.5414E+01   -.4808E+01   -.5497E+01   -.4586E+01   -.5471E+01   -.4572E+01   -.4572E+01   -.4572E+01   -.4572E+01   -.4572E+01   -.4572E+01
0.1185E+04   0.1323E+02   -.5002E+01   -.5003E+01   -.5004E+01   -.5004E+01   -.5006E+01   -.5006E+01   -.5008E+01   -.5008E+01   -.5010E+01   -.5010E+01   -.5012E+01   -.5012E+01   -.5015E+01   -.5015E+01   -.5018E+01   -.5018E+01   -.5023E+01   -.5023E+01   -.5028E+01   -.5028E+01   -.5035E+01   -.5036E+01   -.5044E+01   -.5045E+01   -.5057E+01   -.5059E+01   -.5075E+01   -.5079E+01   -.5099E+01   -.5105E+01   -.5130E+01   -.5131E+01   -.5145E+01   -.5101E+01   -.5050E+01   -.5143E+01   -.5143E+01   -.5143E+01   -.5143E+01   -.5143E+01   -.5143E+01
0.1186E+04   0.1356E+02   -.5002E+01   -.5003E+01   -.5003E+01   -.5005E+01   -.5005E+01   -.5006E+01   -.5006E+01   -.5008E+01   -.5008E+01   -.5010E+01   -.5010E+01   -.5012E+01   -.5013E+01   -.5015E+01   -.5015E+01   -.5018E+01   -.5019E+01   -.5023E+01   -.5023E+01   -.5028E+01   -.5028E+01   -.5035E+01   -.5036E+01   -.5044E+01   -.5046E+01   -.5057E+01   -.5060E+01   -.5075E+01   -.5080E+01   -.5099E+01   -.5106E+01   -.5129E+01   -.5131E+01   -.5144E+01   -.5101E+01   -.5194E+01   -.5194E+01   -.5194E+01   -.5194E+01   -.5194E+01   -.5194E+01
0.1187E+04   0.1393E+02   -.5002E+01   -.5003E+01   -.5003E+01   -.5004E+01   -.5005E+01   -.5005E+01   -.5006E+01   -.5007E+01   -.5008E+01   -.5008E+01   -.5010E+01   -.5010E+01   -.5012E+01   -.5013E+01   -.5015E+01   -.5015E+01   -.5018E+01   -.5019E+01   -.5022E+01   -.5023E+01   -.5028E+01   -.5028E+01   -.5034E+01   -.5036E+01   -.5044E+01   -.5045E+01   -.5056E+01   -.5059E+01   -.5073E+01   -.5079E+01   -.5098E+01   -.5105E+01   -.5128E+01   -.5131E+01   -.5144E+01   -.5214E+01   -.5214E+01   -.5214E+01   -.5214E+01   -.5214E+01   -.5214E+01
0.1188E+04   0.1435E+02   -.5002E+01   -.5003E+01   -.5003E+01   -.5004E+01   -.5004E+01   -.5005E+01   -.5005E+01   -.5007E+01   -.5007E+01   -.5008E+01   -.5009E+01   -.5010E+01   -.5010E+01   -.5012E+01   -.5013E+01   -.5015E+01   -.5015E+01   -.5018E+01   -.5019E+01   -.5022E+01   -.5023E+01   -.5027E+01   -.5028E+01   -.5034E+01   -.5035E+01   -.5042E+01   -.5044E+01   -.5054E+01   -.5058E+01   -.5071E+01   -.5076E+01   -.5094E+01   -.5102E+01   -.5124E+01   -.5130E+01   -.5186E+01   -.5186E+01   -.5186E+01   -.5186E+01   -.5186E+01   -.5186E+01
0.1189E+04   0.1482E+02   -.5002E+01   -.5002E+01   -.5003E+01   -.5003E+01   -.5004E+01   -.5004E+01   -.5005E+01   -.5006E+01   -.5007E+01   -.5007E+01   -.5008E+01   -.5009E+01   -.5010E+01   -.5010E+01   -.5012E+01   -.5012E+01   -.5015E+01   -.5015E+01   -.5018E+01   -.5018E+01   -.5021E+01   -.5022E+01   -.5026E+01   -.5027E+01   -.5032E+01   -.5034E+01   -.5040E+01   -.5043E+01   -.5052E+01   -.5055E+01   -.5067E+01   -.5073E+01   -.5089E+01   -.5097E+01   -.5118E+01   -.5153E+01   -.5153E+01   -.5153E+01   -.5153E+01   -.5153E+01   -.5153E+01
0.1190E+04   0.1535E+02   -.5002E+01   -.5002E+01   -.5002E+01   -.5003E+01   -.5003E+01   -.5004E+01   -.5004E+01   -.5005E+01   -.5006E+01   -.5007E+01   -.5007E+01   -.5008E+01   -.5008E+01   -.5010E+01   -.5010E+01   -.5012E+01   -.5012E+01   -.5014E+01   -.5014E+01   -.5017E+01   -.5017E+01   -.5020E+01   -.5021E+01   -.5025E+01   -.5026E+01   -.5030E+01   -.5032E+01   -.5038E+01   -.5040E+01   -.5048E+01   -.5052E+01   -.5062E+01   -.5068E+01   -.5082E+01   -.5091E+01   -.5115E+01   -.5115E+01   -.5115E+01   -.5115E+01   -.5115E+01   -.5115E+01
0.1191E+04   0.1594E+02   -.5002E+01   -.5002E+01   -.5002E+01   -.5003E+01   -.5003E+01   -.5004E+01   -.5004E+01   -.5004E+01   -.5005E+01   -.5006E+01   -.5006E+01   -.5007E+01   -.5008E+01   -.5008E+01   -.5009E+01   -.5010E+01   -.5011E+01   -.5011E+01   -.5013E+01   -.5014E+01   -.5016E+01   -.5016E+01   -.5019E+01   -.5020E+01   -.5023E+01   -.5024E+01   -.5028E+01   -.5030E+01   -.5035E+01   -.5037E+01   -.5044E+01   -.5048E+01   -.5056E+01   -.5062E+01   -.5074E+01   -.5088E+01   -.5088E+01   -.5088E+01   -.5088E+01   -.5088E+01   -.5088E+01
0.1192E+04   0.1660E+02   -.5001E+01   -.5002E+01   -.5002E+01   -.5002E+01   -.5003E+01   -.5003E+01   -.5003E+01   -.5004E+01   -.5004E+01   -.5005E+01   -.5005E+01   -.5006E+01   -.5006E+01   -.5007E+01   -.5008E+01   -.5008E+01   -.5009E+01   -.5010E+01   -.5011E+01   -.5012E+01   -.5013E+01   -.5014E+01   -.5015E+01   -.5017E+01   -.5018E+01   -.5021E+01   -.5022E+01   -.5025E+01   -.5027E+01   -.5031E+01   -.5034E+01   -.5039E+01   -.5043E+01   -.5050E+01   -.5055E+01   -.5064E+01   -.5064E+01   -.5064E+01   -.5064E+01   -.5064E+01   -.5064E+01
0.1193E+04   0.1735E+02   -.5001E+01   -.5002E+01   -.5002E+01   -.5002E+01   -.5002E+01   -.5003E+01   -.5003E+01   -.5003E+01   -.5004E+01   -.5004E+01   -.5005E+01   -.5005E+01   -.5005E+01   -.5006E+01   -.5006E+01   -.5007E+01   -.5008E+01   -.5008E+01   -.5009E+01   -.5010E+01   -.5011E+01   -.5012E+01   -.5013E+01   -.5014E+01   -.5016E+01   -.5017E+01   -.5019E+01   -.5020E+01   -.5023E+01   -.5025E+01   -.5028E+01   -.5031E+01   -.5034E+01   -.5038E+01   -.5044E+01   -.5049E+01   -.5049E+01   -.5049E+01   -.5049E+01   -.5049E+01   -.5049E+01
0.1194E+04   0.1818E+02   -.5001E+01   -.5001E+01   -.5002E+01   -.5002E+01   -.5002E+01   -.5002E+01   -.5003E+01   -.5003E+01   -.5003E+01   -.5003E+01   -.5004E+01   -.5004E+01   -.5004E+01   -.5005E+01   -.5005E+01   -.5006E+01   -.5006E+01   -.5007E+01   -.5008E+01   -.5008E+01   -.5009E+01   -.5010E+01   -.5011E+01   -.5011E+01   -.5013E+01   -.5014E+01   -.5015E+01   -.5016E+01   -.5018E+01   -.5020E+01   -.5022E+01   -.5024E+01   -.5028E+01   -.5030E+01   -.5034E+01   -.5037E+01   -.5037E+01   -.5037E+01   -.5037E+01   -.5037E+01   -.5037E+01
0.1195E+04   0.1912E+02   -.5001E+01   -.5001E+01   -.5001E+01   -.5002E+01   -.5002E+01   -.5002E+01   -.5002E+01   -.5002E+01   -.5002E+01   -.5003E+01   -.5003E+01   -.5003E+01   -.5003E+01   -.5004E+01   -.5004E+01   -.5005E+01   -.5005E+01   -.5006E+01   -.5006E+01   -.5007E+01   -.5007E+01   -.5008E+01   -.5008E+01   -.5010E+01   -.5010E+01   -.5012E+01   -.5012E+01   -.5014E+01   -.5014E+01   -.5017E+01   -.5017E+01   -.5020E+01   -.5021E+01   -.5025E+01   -.5026E+01   -.5028E+01   -.5028E+01   -.5028E+01   -.5028E+01   -.5028E+01   -.5028E+01
0.1196E+04   0.2017E+02   -.5001E+01   -.5001E+01   -.5001E+01   -.5001E+01   -.5001E+01   -.5001E+01   -.5002E+01   -.5002E+01   -.5002E+01   -.5002E+01   -.5002E+01   -.5002E+01   -.5003E+01   -.5003E+01   -.5003E+01   -.5003E+01   -.5004E+01   -.5004E+01   -.5005E+01   -.5005E+01   -.5006E+01   -.5006E+01   -.5007E+01   -.5007E+01   -.5009E+01   -.5008E+01   -.5010E+01   -.5010E+01   -.5013E+01   -.5012E+01   -.5015E+01   -.5015E+01   -.5019E+01   -.5018E+01   -.5023E+01   -.5023E+01   -.5023E+01   -.5023E+01   -.5023E+01   -.5023E+01   -.5023E+01
0.1197E+04   0.2135E+02   -.5001E+01   -.5001E+01   -.5001E+01   -.5001E+01   -.5001E+01   -.5001E+01   -.5001E+01   -.5001E+01   -.5001E+01   -.5001E+01   -.5001E+01   -.5002E+01   -.5002E+01   -.5002E+01   -.5002E+01   -.5003E+01   -.5002E+01   -.5003E+01   -.5003E+01   -.5004E+01   -.5004E+01   -.5005E+01   -.5004E+01   -.5006E+01   -.5006E+01   -.5008E+01   -.5007E+01   -.5010E+01   -.5009E+01   -.5012E+01   -.5011E+01   -.5015E+01   -.5013E+01   -.5018E+01   -.5017E+01   -.5018E+01   -.5018E+01   -.5018E+01   -.5018E+01   -.5018E+01   -.5018E+01
0.1183E+04   0.2267E+02   -.5001E+01   -.5001E+01   -.5001E+01   -.5001E+01   -.5001E+01   -.5001E+01   -.5001E+01   -.5001E+01   -.5001E+01   -.5001E+01   -.5001E+01   -.5001E+01   -.5001E+01   -.5001E+01   -.5002E+01   -.5001E+01   -.5002E+01   -.5002E+01   -.5003E+01   -.5002E+01   -.5004E+01   -.5003E+01   -.5005E+01   -.5004E+01   -.5006E+01   -.5005E+01   -.5008E+01   -.5007E+01   -.5010E+01   -.5008E+01   -.5012E+01   -.5011E+01   -.5016E+01   -.5013E+01   -.5019E+01   -.5018E+01   -.5018E+01   -.5018E+01   -.5018E+01   -.5018E+01   -.5018E+01
