0.2350E+03   0.0000E+00   0.1309E+01   0.1310E+01   0.1312E+01   0.1314E+01   0.1315E+01   0.1316E+01   0.1317E+01   0.1318E+01   0.1318E+01   0.1319E+01   0.1319E+01   0.1320E+01   0.1320E+01   0.1321E+01   0.1321E+01   0.1321E+01   0.1321E+01   0.1322E+01   0.1322E+01   0.1322E+01   0.1322E+01   0.1322E+01   0.1322E+01   0.1323E+01   0.1323E+01   0.1323E+01   0.1323E+01   0.1323E+01   0.1323E+01   0.1323E+01   0.1323E+01   0.1323E+01   0.1323E+01   0.1323E+01   0.1323E+01   0.1323E+01   0.1323E+01   0.1323E+01   0.1323E+01   0.1323E+01   0.1323E+01
0.2380E+03   0.3333E+00   0.1144E+01   0.1148E+01   0.1149E+01   0.1150E+01   0.1152E+01   0.1153E+01   0.1154E+01   0.1155E+01   0.1155E+01   0.1156E+01   0.1156E+01   0.1157E+01   0.1157E+01   0.1157E+01   0.1158E+01   0.1158E+01   0.1158E+01   0.1158E+01   0.1159E+01   0.1159E+01   0.1159E+01   0.1159E+01   0.1159E+01   0.1159E+01   0.1159E+01   0.1160E+01   0.1160E+01   0.1160E+01   0.1160E+01   0.1160E+01   0.1160E+01   0.1160E+01   0.1160E+01   0.1160E+01   0.1160E+01   0.1160E+01   0.1160E+01   0.1160E+01   0.1160E+01   0.1160E+01   0.1160E+01
0.2390E+03   0.6667E+00   0.1260E+01   0.1277E+01   0.1280E+01   0.1281E+01   0.1282E+01   0.1283E+01   0.1284E+01   0.1285E+01   0.1286E+01   0.1286E+01   0.1287E+01   0.1287E+01   0.1288E+01   0.1288E+01   0.1288E+01   0.1289E+01   0.1289E+01   0.1289E+01   0.1289E+01   0.1290E+01   0.1290E+01   0.1290E+01   0.1290E+01   0.1290E+01   0.1290E+01   0.1290E+01   0.1290E+01   0.1291E+01   0.1291E+01   0.1291E+01   0.1291E+01   0.1291E+01   0.1291E+01   0.1291E+01   0.1291E+01   0.1291E+01   0.1291E+01   0.1291E+01   0.1291E+01   0.1291E+01   0.1291E+01
0.2400E+03   0.1000E+01   0.5734E+00   0.6316E+00   0.6491E+00   0.6517E+00   0.6521E+00   0.6534E+00   0.6546E+00   0.6556E+00   0.6563E+00   0.6569E+00   0.6575E+00   0.6580E+00   0.6583E+00   0.6587E+00   0.6590E+00   0.6593E+00   0.6595E+00   0.6598E+00   0.6600E+00   0.6602E+00   0.6603E+00   0.6605E+00   0.6606E+00   0.6608E+00   0.6609E+00   0.6610E+00   0.6611E+00   0.6612E+00   0.6613E+00   0.6614E+00   0.6614E+00   0.6615E+00   0.6616E+00   0.6616E+00   0.6617E+00   0.6617E+00   0.6617E+00   0.6617E+00   0.6617E+00   0.6617E+00   0.6617E+00
0.2410E+03   0.1333E+01   0.3723E+00   0.5046E+00   0.5659E+00   0.5837E+00   0.5861E+00   0.5865E+00   0.5876E+00   0.5887E+00   0.5897E+00   0.5904E+00   0.5910E+00   0.5915E+00   0.5919E+00   0.5923E+00   0.5927E+00   0.5930E+00   0.5932E+00   0.5935E+00   0.5937E+00   0.5939E+00   0.5940E+00   0.5942E+00   0.5944E+00   0.5945E+00   0.5946E+00   0.5947E+00   0.5948E+00   0.5949E+00   0.5950E+00   0.5951E+00   0.5952E+00   0.5953E+00   0.5953E+00   0.5954E+00   0.5954E+00   0.5954E+00   0.5954E+00   0.5954E+00   0.5954E+00   0.5954E+00   0.5954E+00
0.2420E+03   0.1667E+01   0.3019E+00   0.3604E+00   0.4907E+00   0.5529E+00   0.5706E+00   0.5730E+00   0.5733E+00   0.5744E+00   0.5755E+00   0.5764E+00   0.5771E+00   0.5777E+00   0.5782E+00   0.5786E+00   0.5790E+00   0.5793E+00   0.5795E+00   0.5798E+00   0.5800E+00   0.5802E+00   0.5804E+00   0.5806E+00   0.5807E+00   0.5809E+00   0.5810E+00   0.5811E+00   0.5812E+00   0.5813E+00   0.5814E+00   0.5815E+00   0.5816E+00   0.5817E+00   0.5817E+00   0.5818E+00   0.5819E+00   0.5818E+00   0.5818E+00   0.5818E+00   0.5818E+00   0.5818E+00   0.5818E+00
0.2430E+03   0.2000E+01   0.2064E+00   0.2869E+00   0.3489E+00   0.4825E+00   0.5449E+00   0.5628E+00   0.5651E+00   0.5653E+00   0.5664E+00   0.5675E+00   0.5684E+00   0.5691E+00   0.5696E+00   0.5701E+00   0.5705E+00   0.5709E+00   0.5712E+00   0.5714E+00   0.5717E+00   0.5719E+00   0.5721E+00   0.5723E+00   0.5724E+00   0.5726E+00   0.5727E+00   0.5728E+00   0.5730E+00   0.5731E+00   0.5731E+00   0.5732E+00   0.5733E+00   0.5734E+00   0.5735E+00   0.5735E+00   0.5736E+00   0.5736E+00   0.5736E+00   0.5736E+00   0.5736E+00   0.5736E+00   0.5736E+00
0.2440E+03   0.2333E+01   0.1411E+00   0.2019E+00   0.2844E+00   0.3467E+00   0.4815E+00   0.5451E+00   0.5628E+00   0.5650E+00   0.5652E+00   0.5663E+00   0.5674E+00   0.5683E+00   0.5689E+00   0.5695E+00   0.5699E+00   0.5703E+00   0.5706E+00   0.5709E+00   0.5712E+00   0.5714E+00   0.5716E+00   0.5718E+00   0.5720E+00   0.5721E+00   0.5723E+00   0.5724E+00   0.5725E+00   0.5726E+00   0.5727E+00   0.5728E+00   0.5729E+00   0.5730E+00   0.5731E+00   0.5731E+00   0.5732E+00   0.5732E+00   0.5732E+00   0.5732E+00   0.5732E+00   0.5732E+00   0.5732E+00
0.2450E+03   0.2667E+01   0.9377E-01   0.1379E+00   0.2005E+00   0.2836E+00   0.3454E+00   0.4836E+00   0.5464E+00   0.5642E+00   0.5663E+00   0.5665E+00   0.5675E+00   0.5686E+00   0.5695E+00   0.5701E+00   0.5707E+00   0.5711E+00   0.5715E+00   0.5718E+00   0.5721E+00   0.5723E+00   0.5726E+00   0.5728E+00   0.5730E+00   0.5731E+00   0.5733E+00   0.5734E+00   0.5735E+00   0.5736E+00   0.5737E+00   0.5738E+00   0.5739E+00   0.5740E+00   0.5741E+00   0.5742E+00   0.5742E+00   0.5742E+00   0.5742E+00   0.5742E+00   0.5742E+00   0.5742E+00   0.5742E+00
0.2460E+03   0.3000E+01   0.6273E-01   0.8947E-01   0.1351E+00   0.1979E+00   0.2812E+00   0.3437E+00   0.4815E+00   0.5446E+00   0.5624E+00   0.5646E+00   0.5647E+00   0.5658E+00   0.5668E+00   0.5676E+00   0.5683E+00   0.5688E+00   0.5692E+00   0.5696E+00   0.5699E+00   0.5702E+00   0.5704E+00   0.5706E+00   0.5708E+00   0.5710E+00   0.5712E+00   0.5713E+00   0.5715E+00   0.5716E+00   0.5717E+00   0.5718E+00   0.5719E+00   0.5720E+00   0.5721E+00   0.5721E+00   0.5722E+00   0.5722E+00   0.5722E+00   0.5722E+00   0.5722E+00   0.5722E+00   0.5722E+00
0.2470E+03   0.3333E+01   0.4344E-01   0.5992E-01   0.8775E-01   0.1330E+00   0.1957E+00   0.2792E+00   0.3417E+00   0.4787E+00   0.5423E+00   0.5601E+00   0.5623E+00   0.5624E+00   0.5634E+00   0.5645E+00   0.5653E+00   0.5659E+00   0.5664E+00   0.5668E+00   0.5672E+00   0.5675E+00   0.5678E+00   0.5680E+00   0.5683E+00   0.5684E+00   0.5686E+00   0.5688E+00   0.5689E+00   0.5691E+00   0.5692E+00   0.5693E+00   0.5694E+00   0.5695E+00   0.5696E+00   0.5696E+00   0.5697E+00   0.5697E+00   0.5697E+00   0.5697E+00   0.5697E+00   0.5697E+00   0.5697E+00
0.2480E+03   0.3667E+01   0.3166E-01   0.4120E-01   0.5827E-01   0.8632E-01   0.1313E+00   0.1941E+00   0.2772E+00   0.3382E+00   0.4753E+00   0.5391E+00   0.5569E+00   0.5591E+00   0.5592E+00   0.5602E+00   0.5612E+00   0.5621E+00   0.5627E+00   0.5632E+00   0.5636E+00   0.5640E+00   0.5643E+00   0.5645E+00   0.5648E+00   0.5650E+00   0.5652E+00   0.5653E+00   0.5655E+00   0.5656E+00   0.5658E+00   0.5659E+00   0.5660E+00   0.5661E+00   0.5662E+00   0.5662E+00   0.5663E+00   0.5663E+00   0.5663E+00   0.5663E+00   0.5663E+00   0.5663E+00   0.5663E+00
0.2490E+03   0.4000E+01   0.2377E-01   0.3011E-01   0.4006E-01   0.5719E-01   0.8519E-01   0.1300E+00   0.1929E+00   0.2752E+00   0.3363E+00   0.4741E+00   0.5378E+00   0.5558E+00   0.5579E+00   0.5581E+00   0.5590E+00   0.5600E+00   0.5608E+00   0.5615E+00   0.5620E+00   0.5624E+00   0.5627E+00   0.5630E+00   0.5633E+00   0.5635E+00   0.5637E+00   0.5639E+00   0.5641E+00   0.5642E+00   0.5644E+00   0.5645E+00   0.5646E+00   0.5647E+00   0.5648E+00   0.5649E+00   0.5650E+00   0.5650E+00   0.5650E+00   0.5650E+00   0.5650E+00   0.5650E+00   0.5650E+00
0.2500E+03   0.4333E+01   0.1856E-01   0.2233E-01   0.2905E-01   0.3930E-01   0.5635E-01   0.8447E-01   0.1293E+00   0.1907E+00   0.2730E+00   0.3345E+00   0.4720E+00   0.5363E+00   0.5538E+00   0.5559E+00   0.5561E+00   0.5570E+00   0.5580E+00   0.5588E+00   0.5594E+00   0.5599E+00   0.5603E+00   0.5607E+00   0.5610E+00   0.5613E+00   0.5615E+00   0.5617E+00   0.5619E+00   0.5620E+00   0.5622E+00   0.5623E+00   0.5624E+00   0.5626E+00   0.5627E+00   0.5627E+00   0.5628E+00   0.5628E+00   0.5628E+00   0.5628E+00   0.5628E+00   0.5628E+00   0.5628E+00
0.2510E+03   0.4667E+01   0.1468E-01   0.1755E-01   0.2157E-01   0.2853E-01   0.3874E-01   0.5588E-01   0.8409E-01   0.1278E+00   0.1893E+00   0.2718E+00   0.3331E+00   0.4742E+00   0.5364E+00   0.5544E+00   0.5565E+00   0.5566E+00   0.5576E+00   0.5586E+00   0.5594E+00   0.5600E+00   0.5605E+00   0.5609E+00   0.5613E+00   0.5615E+00   0.5618E+00   0.5620E+00   0.5622E+00   0.5624E+00   0.5626E+00   0.5627E+00   0.5629E+00   0.5630E+00   0.5631E+00   0.5632E+00   0.5633E+00   0.5633E+00   0.5633E+00   0.5633E+00   0.5633E+00   0.5633E+00   0.5633E+00
0.2520E+03   0.5000E+01   0.1195E-01   0.1372E-01   0.1683E-01   0.2110E-01   0.2807E-01   0.3847E-01   0.5568E-01   0.8313E-01   0.1268E+00   0.1884E+00   0.2704E+00   0.3336E+00   0.4690E+00   0.5329E+00   0.5506E+00   0.5528E+00   0.5528E+00   0.5538E+00   0.5548E+00   0.5556E+00   0.5562E+00   0.5567E+00   0.5571E+00   0.5574E+00   0.5577E+00   0.5580E+00   0.5582E+00   0.5584E+00   0.5586E+00   0.5588E+00   0.5589E+00   0.5590E+00   0.5592E+00   0.5593E+00   0.5594E+00   0.5593E+00   0.5593E+00   0.5593E+00   0.5593E+00   0.5593E+00   0.5593E+00
0.2530E+03   0.5333E+01   0.9788E-02   0.1129E-01   0.1321E-01   0.1650E-01   0.2077E-01   0.2791E-01   0.3831E-01   0.5499E-01   0.8255E-01   0.1261E+00   0.1877E+00   0.2713E+00   0.3312E+00   0.4717E+00   0.5346E+00   0.5523E+00   0.5544E+00   0.5545E+00   0.5555E+00   0.5565E+00   0.5573E+00   0.5578E+00   0.5583E+00   0.5587E+00   0.5591E+00   0.5594E+00   0.5596E+00   0.5598E+00   0.5600E+00   0.5602E+00   0.5604E+00   0.5605E+00   0.5607E+00   0.5608E+00   0.5609E+00   0.5608E+00   0.5608E+00   0.5608E+00   0.5608E+00   0.5608E+00   0.5608E+00
0.2540E+03   0.5667E+01   0.8200E-02   0.9125E-02   0.1078E-01   0.1288E-01   0.1620E-01   0.2065E-01   0.2779E-01   0.3790E-01   0.5463E-01   0.8219E-01   0.1257E+00   0.1886E+00   0.2682E+00   0.3299E+00   0.4692E+00   0.5319E+00   0.5495E+00   0.5517E+00   0.5518E+00   0.5527E+00   0.5537E+00   0.5545E+00   0.5551E+00   0.5556E+00   0.5560E+00   0.5563E+00   0.5566E+00   0.5569E+00   0.5571E+00   0.5573E+00   0.5575E+00   0.5576E+00   0.5578E+00   0.5579E+00   0.5580E+00   0.5580E+00   0.5580E+00   0.5580E+00   0.5580E+00   0.5580E+00   0.5580E+00
0.2550E+03   0.6000E+01   0.6878E-02   0.7750E-02   0.8777E-02   0.1057E-01   0.1267E-01   0.1612E-01   0.2054E-01   0.2751E-01   0.3770E-01   0.5442E-01   0.8196E-01   0.1266E+00   0.1868E+00   0.2695E+00   0.3306E+00   0.4685E+00   0.5314E+00   0.5492E+00   0.5514E+00   0.5514E+00   0.5524E+00   0.5534E+00   0.5542E+00   0.5548E+00   0.5553E+00   0.5556E+00   0.5560E+00   0.5563E+00   0.5565E+00   0.5567E+00   0.5569E+00   0.5571E+00   0.5573E+00   0.5574E+00   0.5575E+00   0.5575E+00   0.5575E+00   0.5575E+00   0.5575E+00   0.5575E+00   0.5575E+00
0.2560E+03   0.6333E+01   0.5885E-02   0.6414E-02   0.7395E-02   0.8550E-02   0.1036E-01   0.1259E-01   0.1604E-01   0.2035E-01   0.2739E-01   0.3758E-01   0.5429E-01   0.8263E-01   0.1251E+00   0.1867E+00   0.2678E+00   0.3286E+00   0.4670E+00   0.5307E+00   0.5484E+00   0.5505E+00   0.5505E+00   0.5515E+00   0.5525E+00   0.5533E+00   0.5539E+00   0.5544E+00   0.5547E+00   0.5551E+00   0.5554E+00   0.5556E+00   0.5558E+00   0.5560E+00   0.5562E+00   0.5564E+00   0.5565E+00   0.5565E+00   0.5565E+00   0.5565E+00   0.5565E+00   0.5565E+00   0.5565E+00
0.2570E+03   0.6667E+01   0.5027E-02   0.5575E-02   0.6176E-02   0.7248E-02   0.8410E-02   0.1031E-01   0.1252E-01   0.1590E-01   0.2028E-01   0.2733E-01   0.3750E-01   0.5475E-01   0.8165E-01   0.1250E+00   0.1862E+00   0.2673E+00   0.3277E+00   0.4683E+00   0.5310E+00   0.5487E+00   0.5508E+00   0.5509E+00   0.5519E+00   0.5528E+00   0.5537E+00   0.5542E+00   0.5547E+00   0.5551E+00   0.5554E+00   0.5557E+00   0.5560E+00   0.5562E+00   0.5564E+00   0.5565E+00   0.5567E+00   0.5567E+00   0.5567E+00   0.5567E+00   0.5567E+00   0.5567E+00   0.5567E+00
0.2580E+03   0.7000E+01   0.4371E-02   0.4696E-02   0.5322E-02   0.6015E-02   0.7109E-02   0.8359E-02   0.1026E-01   0.1242E-01   0.1584E-01   0.2024E-01   0.2728E-01   0.3786E-01   0.5410E-01   0.8182E-01   0.1247E+00   0.1858E+00   0.2670E+00   0.3281E+00   0.4671E+00   0.5300E+00   0.5476E+00   0.5497E+00   0.5498E+00   0.5507E+00   0.5517E+00   0.5525E+00   0.5531E+00   0.5535E+00   0.5539E+00   0.5543E+00   0.5545E+00   0.5548E+00   0.5550E+00   0.5552E+00   0.5554E+00   0.5553E+00   0.5553E+00   0.5553E+00   0.5553E+00   0.5553E+00   0.5553E+00
0.2590E+03   0.7333E+01   0.3788E-02   0.4154E-02   0.4530E-02   0.5223E-02   0.5921E-02   0.7075E-02   0.8310E-02   0.1018E-01   0.1238E-01   0.1582E-01   0.2021E-01   0.2755E-01   0.3742E-01   0.5418E-01   0.8157E-01   0.1245E+00   0.1854E+00   0.2672E+00   0.3278E+00   0.4669E+00   0.5297E+00   0.5474E+00   0.5495E+00   0.5495E+00   0.5505E+00   0.5515E+00   0.5523E+00   0.5529E+00   0.5533E+00   0.5537E+00   0.5540E+00   0.5543E+00   0.5546E+00   0.5548E+00   0.5550E+00   0.5549E+00   0.5549E+00   0.5549E+00   0.5549E+00   0.5549E+00   0.5549E+00
0.2600E+03   0.7667E+01   0.3336E-02   0.3548E-02   0.3972E-02   0.4416E-02   0.5125E-02   0.5888E-02   0.7040E-02   0.8246E-02   0.1015E-01   0.1236E-01   0.1581E-01   0.2040E-01   0.2723E-01   0.3756E-01   0.5405E-01   0.8144E-01   0.1242E+00   0.1855E+00   0.2664E+00   0.3272E+00   0.4660E+00   0.5290E+00   0.5469E+00   0.5489E+00   0.5490E+00   0.5499E+00   0.5510E+00   0.5518E+00   0.5523E+00   0.5528E+00   0.5532E+00   0.5535E+00   0.5538E+00   0.5540E+00   0.5543E+00   0.5542E+00   0.5542E+00   0.5542E+00   0.5542E+00   0.5542E+00   0.5542E+00
0.2610E+03   0.8000E+01   0.2925E-02   0.3182E-02   0.3431E-02   0.3904E-02   0.4353E-02   0.5105E-02   0.5855E-02   0.6991E-02   0.8230E-02   0.1014E-01   0.1235E-01   0.1595E-01   0.2018E-01   0.2732E-01   0.3745E-01   0.5398E-01   0.8122E-01   0.1243E+00   0.1851E+00   0.2663E+00   0.3268E+00   0.4641E+00   0.5279E+00   0.5455E+00   0.5476E+00   0.5477E+00   0.5486E+00   0.5496E+00   0.5504E+00   0.5510E+00   0.5515E+00   0.5518E+00   0.5522E+00   0.5525E+00   0.5527E+00   0.5527E+00   0.5527E+00   0.5527E+00   0.5527E+00   0.5527E+00   0.5527E+00
0.2620E+03   0.8333E+01   0.2604E-02   0.2748E-02   0.3048E-02   0.3349E-02   0.3835E-02   0.4331E-02   0.5082E-02   0.5815E-02   0.6975E-02   0.8221E-02   0.1013E-01   0.1246E-01   0.1579E-01   0.2029E-01   0.2729E-01   0.3743E-01   0.5383E-01   0.8139E-01   0.1240E+00   0.1849E+00   0.2662E+00   0.3262E+00   0.4659E+00   0.5287E+00   0.5464E+00   0.5485E+00   0.5486E+00   0.5495E+00   0.5505E+00   0.5513E+00   0.5519E+00   0.5524E+00   0.5528E+00   0.5531E+00   0.5534E+00   0.5533E+00   0.5533E+00   0.5533E+00   0.5533E+00   0.5533E+00   0.5533E+00
0.2630E+03   0.8667E+01   0.2304E-02   0.2491E-02   0.2665E-02   0.3002E-02   0.3306E-02   0.3824E-02   0.4310E-02   0.5052E-02   0.5807E-02   0.6975E-02   0.8218E-02   0.1022E-01   0.1234E-01   0.1585E-01   0.2024E-01   0.2725E-01   0.3728E-01   0.5393E-01   0.8117E-01   0.1238E+00   0.1848E+00   0.2655E+00   0.3265E+00   0.4654E+00   0.5285E+00   0.5462E+00   0.5483E+00   0.5484E+00   0.5493E+00   0.5503E+00   0.5511E+00   0.5517E+00   0.5521E+00   0.5525E+00   0.5528E+00   0.5528E+00   0.5528E+00   0.5528E+00   0.5528E+00   0.5528E+00   0.5528E+00
0.2640E+03   0.9000E+01   0.2069E-02   0.2172E-02   0.2392E-02   0.2605E-02   0.2953E-02   0.3293E-02   0.3809E-02   0.4284E-02   0.5043E-02   0.5804E-02   0.6972E-02   0.8287E-02   0.1013E-01   0.1242E-01   0.1584E-01   0.2023E-01   0.2715E-01   0.3741E-01   0.5384E-01   0.8103E-01   0.1239E+00   0.1843E+00   0.2658E+00   0.3265E+00   0.4648E+00   0.5277E+00   0.5454E+00   0.5474E+00   0.5475E+00   0.5484E+00   0.5494E+00   0.5502E+00   0.5508E+00   0.5513E+00   0.5517E+00   0.5516E+00   0.5516E+00   0.5516E+00   0.5516E+00   0.5516E+00   0.5516E+00
0.2650E+03   0.9333E+01   0.1846E-02   0.1986E-02   0.2111E-02   0.2360E-02   0.2576E-02   0.2947E-02   0.3279E-02   0.3790E-02   0.4282E-02   0.5045E-02   0.5804E-02   0.7029E-02   0.8214E-02   0.1017E-01   0.1239E-01   0.1581E-01   0.2014E-01   0.2723E-01   0.3732E-01   0.5374E-01   0.8108E-01   0.1233E+00   0.1843E+00   0.2656E+00   0.3260E+00   0.4653E+00   0.5284E+00   0.5461E+00   0.5482E+00   0.5482E+00   0.5492E+00   0.5502E+00   0.5510E+00   0.5515E+00   0.5520E+00   0.5520E+00   0.5520E+00   0.5520E+00   0.5520E+00   0.5520E+00   0.5520E+00
0.2660E+03   0.9667E+01   0.1669E-02   0.1745E-02   0.1912E-02   0.2068E-02   0.2325E-02   0.2568E-02   0.2938E-02   0.3263E-02   0.3786E-02   0.4281E-02   0.5045E-02   0.5849E-02   0.6971E-02   0.8265E-02   0.1017E-01   0.1238E-01   0.1576E-01   0.2023E-01   0.2721E-01   0.3726E-01   0.5381E-01   0.8071E-01   0.1234E+00   0.1844E+00   0.2647E+00   0.3254E+00   0.4639E+00   0.5270E+00   0.5446E+00   0.5466E+00   0.5466E+00   0.5476E+00   0.5486E+00   0.5494E+00   0.5500E+00   0.5499E+00   0.5499E+00   0.5499E+00   0.5499E+00   0.5499E+00   0.5499E+00
0.2670E+03   0.1000E+02   0.1499E-02   0.1607E-02   0.1701E-02   0.1890E-02   0.2048E-02   0.2323E-02   0.2560E-02   0.2927E-02   0.3263E-02   0.3790E-02   0.4283E-02   0.5085E-02   0.5803E-02   0.6998E-02   0.8247E-02   0.1015E-01   0.1232E-01   0.1581E-01   0.2019E-01   0.2716E-01   0.3727E-01   0.5353E-01   0.8083E-01   0.1236E+00   0.1835E+00   0.2652E+00   0.3258E+00   0.4645E+00   0.5273E+00   0.5450E+00   0.5470E+00   0.5470E+00   0.5480E+00   0.5490E+00   0.5498E+00   0.5497E+00   0.5497E+00   0.5497E+00   0.5497E+00   0.5497E+00   0.5497E+00
0.2680E+03   0.1033E+02   0.1363E-02   0.1422E-02   0.1550E-02   0.1669E-02   0.1864E-02   0.2044E-02   0.2318E-02   0.2549E-02   0.2925E-02   0.3264E-02   0.3791E-02   0.4315E-02   0.5047E-02   0.5840E-02   0.7000E-02   0.8242E-02   0.1011E-01   0.1238E-01   0.1580E-01   0.2016E-01   0.2717E-01   0.3710E-01   0.5361E-01   0.8095E-01   0.1228E+00   0.1844E+00   0.2652E+00   0.3255E+00   0.4635E+00   0.5269E+00   0.5446E+00   0.5466E+00   0.5467E+00   0.5476E+00   0.5486E+00   0.5485E+00   0.5485E+00   0.5485E+00   0.5485E+00   0.5485E+00   0.5485E+00
0.2690E+03   0.1067E+02   0.1231E-02   0.1316E-02   0.1388E-02   0.1535E-02   0.1655E-02   0.1864E-02   0.2039E-02   0.2311E-02   0.2551E-02   0.2929E-02   0.3267E-02   0.3820E-02   0.4284E-02   0.5065E-02   0.5827E-02   0.6984E-02   0.8203E-02   0.1015E-01   0.1236E-01   0.1577E-01   0.2014E-01   0.2704E-01   0.3719E-01   0.5372E-01   0.8049E-01   0.1237E+00   0.1840E+00   0.2651E+00   0.3259E+00   0.4631E+00   0.5266E+00   0.5443E+00   0.5464E+00   0.5465E+00   0.5474E+00   0.5473E+00   0.5473E+00   0.5473E+00   0.5473E+00   0.5473E+00   0.5473E+00
0.2700E+03   0.1100E+02   0.1126E-02   0.1172E-02   0.1272E-02   0.1365E-02   0.1516E-02   0.1653E-02   0.1861E-02   0.2032E-02   0.2311E-02   0.2553E-02   0.2931E-02   0.3290E-02   0.3794E-02   0.4310E-02   0.5067E-02   0.5823E-02   0.6961E-02   0.8243E-02   0.1014E-01   0.1234E-01   0.1577E-01   0.2006E-01   0.2710E-01   0.3722E-01   0.5343E-01   0.8103E-01   0.1232E+00   0.1839E+00   0.2643E+00   0.3248E+00   0.4622E+00   0.5257E+00   0.5435E+00   0.5456E+00   0.5457E+00   0.5454E+00   0.5454E+00   0.5454E+00   0.5454E+00   0.5454E+00   0.5454E+00
0.2710E+03   0.1133E+02   0.1022E-02   0.1089E-02   0.1146E-02   0.1261E-02   0.1355E-02   0.1518E-02   0.1650E-02   0.1857E-02   0.2035E-02   0.2315E-02   0.2556E-02   0.2953E-02   0.3268E-02   0.3807E-02   0.4301E-02   0.5055E-02   0.5795E-02   0.6981E-02   0.8223E-02   0.1012E-01   0.1232E-01   0.1569E-01   0.2013E-01   0.2713E-01   0.3709E-01   0.5373E-01   0.8070E-01   0.1231E+00   0.1837E+00   0.2646E+00   0.3251E+00   0.4624E+00   0.5261E+00   0.5438E+00   0.5459E+00   0.5454E+00   0.5455E+00   0.5455E+00   0.5455E+00   0.5455E+00   0.5455E+00
0.2720E+03   0.1167E+02   0.9377E-03   0.9745E-03   0.1055E-02   0.1128E-02   0.1247E-02   0.1355E-02   0.1516E-02   0.1646E-02   0.1858E-02   0.2037E-02   0.2317E-02   0.2573E-02   0.2934E-02   0.3288E-02   0.3808E-02   0.4298E-02   0.5038E-02   0.5823E-02   0.6975E-02   0.8210E-02   0.1011E-01   0.1227E-01   0.1573E-01   0.2011E-01   0.2707E-01   0.3724E-01   0.5351E-01   0.8068E-01   0.1229E+00   0.1833E+00   0.2643E+00   0.3246E+00   0.4641E+00   0.5270E+00   0.5447E+00   0.5459E+00   0.5459E+00   0.5459E+00   0.5459E+00   0.5459E+00   0.5459E+00
0.2730E+03   0.1200E+02   0.8545E-03   0.9082E-03   0.9544E-03   0.1047E-02   0.1121E-02   0.1250E-02   0.1353E-02   0.1514E-02   0.1649E-02   0.1862E-02   0.2040E-02   0.2333E-02   0.2558E-02   0.2943E-02   0.3281E-02   0.3798E-02   0.4277E-02   0.5051E-02   0.5807E-02   0.6959E-02   0.8195E-02   0.1007E-01   0.1232E-01   0.1574E-01   0.2009E-01   0.2711E-01   0.3712E-01   0.5348E-01   0.8046E-01   0.1227E+00   0.1834E+00   0.2644E+00   0.3249E+00   0.4637E+00   0.5268E+00   0.5344E+00   0.5344E+00   0.5344E+00   0.5344E+00   0.5344E+00   0.5344E+00
0.2740E+03   0.1233E+02   0.7869E-03   0.8169E-03   0.8814E-03   0.9409E-03   0.1036E-02   0.1122E-02   0.1249E-02   0.1351E-02   0.1515E-02   0.1651E-02   0.1864E-02   0.2053E-02   0.2319E-02   0.2573E-02   0.2944E-02   0.3278E-02   0.3785E-02   0.4296E-02   0.5045E-02   0.5797E-02   0.6953E-02   0.8161E-02   0.1009E-01   0.1230E-01   0.1572E-01   0.2011E-01   0.2704E-01   0.3713E-01   0.5337E-01   0.8036E-01   0.1229E+00   0.1831E+00   0.2650E+00   0.3252E+00   0.4646E+00   0.4802E+00   0.4802E+00   0.4802E+00   0.4802E+00   0.4802E+00   0.4802E+00
0.2370E+03   0.1267E+02   0.7196E-03   0.7628E-03   0.8009E-03   0.8753E-03   0.9358E-03   0.1038E-02   0.1121E-02   0.1247E-02   0.1353E-02   0.1518E-02   0.1654E-02   0.1876E-02   0.2042E-02   0.2326E-02   0.2567E-02   0.2936E-02   0.3263E-02   0.3793E-02   0.4284E-02   0.5032E-02   0.5785E-02   0.6922E-02   0.8192E-02   0.1009E-01   0.1229E-01   0.1572E-01   0.2008E-01   0.2704E-01   0.3702E-01   0.5333E-01   0.8082E-01   0.1240E+00   0.1843E+00   0.2666E+00   0.3258E+00   0.3344E+00   0.3344E+00   0.3344E+00   0.3344E+00   0.3344E+00   0.3344E+00
0.1184E+04   0.1293E+02   0.6758E-03   0.7018E-03   0.7543E-03   0.8051E-03   0.8826E-03   0.9548E-03   0.1057E-02   0.1142E-02   0.1272E-02   0.1384E-02   0.1550E-02   0.1701E-02   0.1905E-02   0.2101E-02   0.2380E-02   0.2629E-02   0.2999E-02   0.3367E-02   0.3893E-02   0.4408E-02   0.5183E-02   0.5963E-02   0.7185E-02   0.8507E-02   0.1051E-01   0.1288E-01   0.1650E-01   0.2128E-01   0.2875E-01   0.3976E-01   0.5810E-01   0.8739E-01   0.1347E+00   0.1987E+00   0.2800E+00   0.2830E+00   0.2830E+00   0.2830E+00   0.2830E+00   0.2830E+00   0.2830E+00
0.1185E+04   0.1323E+02   0.6256E-03   0.6610E-03   0.6947E-03   0.7560E-03   0.8088E-03   0.8930E-03   0.9642E-03   0.1066E-02   0.1156E-02   0.1288E-02   0.1401E-02   0.1576E-02   0.1711E-02   0.1932E-02   0.2123E-02   0.2402E-02   0.2653E-02   0.3044E-02   0.3407E-02   0.3939E-02   0.4471E-02   0.5245E-02   0.6095E-02   0.7315E-02   0.8690E-02   0.1073E-01   0.1320E-01   0.1695E-01   0.2187E-01   0.2971E-01   0.4138E-01   0.6074E-01   0.9117E-01   0.1408E+00   0.2062E+00   0.2080E+00   0.2081E+00   0.2081E+00   0.2081E+00   0.2081E+00   0.2081E+00
0.1186E+04   0.1356E+02   0.5783E-03   0.6008E-03   0.6434E-03   0.6867E-03   0.7495E-03   0.8104E-03   0.8928E-03   0.9633E-03   0.1067E-02   0.1159E-02   0.1289E-02   0.1410E-02   0.1567E-02   0.1721E-02   0.1931E-02   0.2121E-02   0.2392E-02   0.2662E-02   0.3038E-02   0.3401E-02   0.3931E-02   0.4453E-02   0.5252E-02   0.6082E-02   0.7305E-02   0.8681E-02   0.1071E-01   0.1320E-01   0.1688E-01   0.2184E-01   0.2964E-01   0.4135E-01   0.6098E-01   0.9118E-01   0.1394E+00   0.1400E+00   0.1401E+00   0.1401E+00   0.1401E+00   0.1401E+00   0.1401E+00
0.1187E+04   0.1393E+02   0.5269E-03   0.5552E-03   0.5833E-03   0.6327E-03   0.6763E-03   0.7438E-03   0.8018E-03   0.8826E-03   0.9550E-03   0.1058E-02   0.1148E-02   0.1282E-02   0.1386E-02   0.1552E-02   0.1695E-02   0.1901E-02   0.2083E-02   0.2362E-02   0.2616E-02   0.2983E-02   0.3337E-02   0.3847E-02   0.4386E-02   0.5144E-02   0.5956E-02   0.7131E-02   0.8464E-02   0.1042E-01   0.1277E-01   0.1633E-01   0.2104E-01   0.2844E-01   0.3963E-01   0.5820E-01   0.8633E-01   0.8657E-01   0.8659E-01   0.8659E-01   0.8659E-01   0.8659E-01   0.8659E-01
0.1188E+04   0.1435E+02   0.4781E-03   0.4961E-03   0.5299E-03   0.5647E-03   0.6145E-03   0.6630E-03   0.7278E-03   0.7833E-03   0.8641E-03   0.9349E-03   0.1035E-02   0.1127E-02   0.1244E-02   0.1358E-02   0.1512E-02   0.1648E-02   0.1842E-02   0.2030E-02   0.2289E-02   0.2530E-02   0.2882E-02   0.3211E-02   0.3717E-02   0.4210E-02   0.4936E-02   0.5692E-02   0.6798E-02   0.8048E-02   0.9833E-02   0.1201E-01   0.1525E-01   0.1953E-01   0.2626E-01   0.3618E-01   0.5182E-01   0.5193E-01   0.5196E-01   0.5196E-01   0.5196E-01   0.5196E-01   0.5196E-01
0.1189E+04   0.1482E+02   0.4270E-03   0.4489E-03   0.4707E-03   0.5093E-03   0.5432E-03   0.5957E-03   0.6404E-03   0.7025E-03   0.7575E-03   0.8356E-03   0.9025E-03   0.1003E-02   0.1078E-02   0.1200E-02   0.1301E-02   0.1448E-02   0.1572E-02   0.1766E-02   0.1933E-02   0.2178E-02   0.2401E-02   0.2727E-02   0.3050E-02   0.3509E-02   0.3963E-02   0.4624E-02   0.5311E-02   0.6318E-02   0.7407E-02   0.9028E-02   0.1092E-01   0.1378E-01   0.1751E-01   0.2319E-01   0.3131E-01   0.3132E-01   0.3133E-01   0.3133E-01   0.3133E-01   0.3133E-01   0.3133E-01
0.1190E+04   0.1535E+02   0.3791E-03   0.3923E-03   0.4180E-03   0.4443E-03   0.4823E-03   0.5188E-03   0.5680E-03   0.6092E-03   0.6699E-03   0.7216E-03   0.7956E-03   0.8613E-03   0.9470E-03   0.1026E-02   0.1136E-02   0.1228E-02   0.1362E-02   0.1485E-02   0.1659E-02   0.1809E-02   0.2037E-02   0.2232E-02   0.2544E-02   0.2820E-02   0.3243E-02   0.3638E-02   0.4234E-02   0.4835E-02   0.5704E-02   0.6642E-02   0.8031E-02   0.9626E-02   0.1206E-01   0.1503E-01   0.1954E-01   0.1954E-01   0.1955E-01   0.1955E-01   0.1955E-01   0.1955E-01   0.1955E-01
0.1191E+04   0.1594E+02   0.3305E-03   0.3465E-03   0.3619E-03   0.3908E-03   0.4153E-03   0.4545E-03   0.4867E-03   0.5328E-03   0.5720E-03   0.6294E-03   0.6761E-03   0.7488E-03   0.8001E-03   0.8864E-03   0.9535E-03   0.1055E-02   0.1135E-02   0.1265E-02   0.1369E-02   0.1528E-02   0.1660E-02   0.1865E-02   0.2046E-02   0.2319E-02   0.2558E-02   0.2927E-02   0.3264E-02   0.3783E-02   0.4270E-02   0.5026E-02   0.5784E-02   0.6951E-02   0.8247E-02   0.1018E-01   0.1244E-01   0.1242E-01   0.1243E-01   0.1243E-01   0.1243E-01   0.1243E-01   0.1243E-01
0.1192E+04   0.1660E+02   0.2860E-03   0.2943E-03   0.3128E-03   0.3309E-03   0.3586E-03   0.3842E-03   0.4200E-03   0.4484E-03   0.4924E-03   0.5276E-03   0.5807E-03   0.6247E-03   0.6853E-03   0.7371E-03   0.8133E-03   0.8709E-03   0.9619E-03   0.1037E-02   0.1151E-02   0.1239E-02   0.1384E-02   0.1491E-02   0.1681E-02   0.1826E-02   0.2071E-02   0.2264E-02   0.2587E-02   0.2862E-02   0.3295E-02   0.3684E-02   0.4312E-02   0.4904E-02   0.5869E-02   0.6818E-02   0.8315E-02   0.8295E-02   0.8298E-02   0.8298E-02   0.8298E-02   0.8298E-02   0.8298E-02
0.1193E+04   0.1735E+02   0.2427E-03   0.2532E-03   0.2625E-03   0.2828E-03   0.2987E-03   0.3267E-03   0.3480E-03   0.3809E-03   0.4067E-03   0.4474E-03   0.4777E-03   0.5288E-03   0.5609E-03   0.6207E-03   0.6620E-03   0.7311E-03   0.7783E-03   0.8651E-03   0.9241E-03   0.1028E-02   0.1099E-02   0.1227E-02   0.1322E-02   0.1485E-02   0.1601E-02   0.1811E-02   0.1964E-02   0.2239E-02   0.2444E-02   0.2815E-02   0.3105E-02   0.3623E-02   0.4070E-02   0.4823E-02   0.5493E-02   0.5479E-02   0.5480E-02   0.5479E-02   0.5479E-02   0.5479E-02   0.5479E-02
0.1194E+04   0.1818E+02   0.2052E-03   0.2086E-03   0.2205E-03   0.2312E-03   0.2502E-03   0.2663E-03   0.2913E-03   0.3089E-03   0.3399E-03   0.3619E-03   0.3991E-03   0.4263E-03   0.4685E-03   0.4999E-03   0.5521E-03   0.5855E-03   0.6470E-03   0.6893E-03   0.7648E-03   0.8115E-03   0.9047E-03   0.9583E-03   0.1076E-02   0.1145E-02   0.1292E-02   0.1377E-02   0.1561E-02   0.1676E-02   0.1905E-02   0.2053E-02   0.2362E-02   0.2567E-02   0.2996E-02   0.3289E-02   0.3877E-02   0.3862E-02   0.3863E-02   0.3863E-02   0.3863E-02   0.3863E-02   0.3863E-02
0.1195E+04   0.1912E+02   0.1716E-03   0.1767E-03   0.1800E-03   0.1930E-03   0.2015E-03   0.2204E-03   0.2328E-03   0.2555E-03   0.2709E-03   0.2995E-03   0.3175E-03   0.3533E-03   0.3717E-03   0.4134E-03   0.4370E-03   0.4847E-03   0.5106E-03   0.5697E-03   0.6009E-03   0.6701E-03   0.7056E-03   0.7900E-03   0.8351E-03   0.9384E-03   0.9888E-03   0.1117E-02   0.1178E-02   0.1337E-02   0.1414E-02   0.1617E-02   0.1714E-02   0.1977E-02   0.2115E-02   0.2462E-02   0.2643E-02   0.2637E-02   0.2636E-02   0.2636E-02   0.2636E-02   0.2636E-02   0.2636E-02
0.1196E+04   0.2017E+02   0.1474E-03   0.1452E-03   0.1508E-03   0.1551E-03   0.1669E-03   0.1757E-03   0.1925E-03   0.2023E-03   0.2241E-03   0.2370E-03   0.2637E-03   0.2799E-03   0.3104E-03   0.3290E-03   0.3667E-03   0.3855E-03   0.4296E-03   0.4532E-03   0.5070E-03   0.5311E-03   0.5966E-03   0.6219E-03   0.7030E-03   0.7338E-03   0.8319E-03   0.8669E-03   0.9856E-03   0.1029E-02   0.1171E-02   0.1219E-02   0.1401E-02   0.1460E-02   0.1694E-02   0.1766E-02   0.2063E-02   0.2054E-02   0.2055E-02   0.2055E-02   0.2055E-02   0.2055E-02   0.2055E-02
0.1197E+04   0.2135E+02   0.1335E-03   0.1319E-03   0.1289E-03   0.1355E-03   0.1379E-03   0.1506E-03   0.1567E-03   0.1730E-03   0.1821E-03   0.2038E-03   0.2150E-03   0.2431E-03   0.2541E-03   0.2872E-03   0.3022E-03   0.3400E-03   0.3559E-03   0.4030E-03   0.4222E-03   0.4768E-03   0.4973E-03   0.5637E-03   0.5894E-03   0.6690E-03   0.6944E-03   0.7910E-03   0.8193E-03   0.9359E-03   0.9670E-03   0.1112E-02   0.1144E-02   0.1324E-02   0.1365E-02   0.1590E-02   0.1630E-02   0.1627E-02   0.1627E-02   0.1627E-02   0.1627E-02   0.1627E-02   0.1627E-02
0.1183E+04   0.2267E+02   0.1404E-03   0.1297E-03   0.1277E-03   0.1260E-03   0.1322E-03   0.1365E-03   0.1489E-03   0.1548E-03   0.1732E-03   0.1831E-03   0.2070E-03   0.2210E-03   0.2483E-03   0.2653E-03   0.3005E-03   0.3171E-03   0.3585E-03   0.3808E-03   0.4320E-03   0.4541E-03   0.5168E-03   0.5397E-03   0.6182E-03   0.6459E-03   0.7402E-03   0.7707E-03   0.8833E-03   0.9210E-03   0.1053E-02   0.1091E-02   0.1260E-02   0.1303E-02   0.1516E-02   0.1563E-02   0.1823E-02   0.1808E-02   0.1809E-02   0.1809E-02   0.1809E-02   0.1809E-02   0.1809E-02
