0.2350E+03   0.0000E+00   -.1489E+00   -.1746E+00   -.3472E+00   -.3328E+00   -.3975E+00   -.4119E+00   -.4433E+00   -.4513E+00   -.4700E+00   -.4751E+00   -.4873E+00   -.4913E+00   -.4997E+00   -.5025E+00   -.5081E+00   -.5102E+00   -.5148E+00   -.5164E+00   -.5197E+00   -.5210E+00   -.5238E+00   -.5246E+00   -.5269E+00   -.5277E+00   -.5296E+00   -.5303E+00   -.5318E+00   -.5324E+00   -.5337E+00   -.5341E+00   -.5352E+00   -.5357E+00   -.5365E+00   -.5369E+00   -.5377E+00   -.5377E+00   -.5377E+00   -.5377E+00   -.5377E+00   -.5377E+00   -.5377E+00
0.2380E+03   0.3333E+00   -.9662E-01   -.8022E+00   -.8300E+00   -.9391E+00   -.9337E+00   -.9790E+00   -.9917E+00   -.1017E+01   -.1024E+01   -.1039E+01   -.1043E+01   -.1053E+01   -.1056E+01   -.1064E+01   -.1066E+01   -.1072E+01   -.1073E+01   -.1077E+01   -.1079E+01   -.1082E+01   -.1083E+01   -.1086E+01   -.1087E+01   -.1089E+01   -.1090E+01   -.1091E+01   -.1092E+01   -.1093E+01   -.1094E+01   -.1095E+01   -.1096E+01   -.1097E+01   -.1097E+01   -.1098E+01   -.1098E+01   -.1098E+01   -.1098E+01   -.1098E+01   -.1098E+01   -.1098E+01   -.1098E+01
0.2390E+03   0.6667E+00   -.2064E+00   -.2998E+00   -.1059E+01   -.1116E+01   -.1216E+01   -.1213E+01   -.1250E+01   -.1260E+01   -.1282E+01   -.1288E+01   -.1301E+01   -.1306E+01   -.1315E+01   -.1318E+01   -.1324E+01   -.1326E+01   -.1331E+01   -.1333E+01   -.1336E+01   -.1338E+01   -.1341E+01   -.1341E+01   -.1344E+01   -.1345E+01   -.1347E+01   -.1347E+01   -.1349E+01   -.1350E+01   -.1351E+01   -.1351E+01   -.1352E+01   -.1353E+01   -.1354E+01   -.1354E+01   -.1355E+01   -.1355E+01   -.1355E+01   -.1355E+01   -.1355E+01   -.1355E+01   -.1355E+01
0.2400E+03   0.1000E+01   -.1515E+01   -.1268E+01   -.1110E+01   -.1850E+01   -.1899E+01   -.1988E+01   -.1983E+01   -.2019E+01   -.2027E+01   -.2047E+01   -.2053E+01   -.2065E+01   -.2068E+01   -.2076E+01   -.2079E+01   -.2085E+01   -.2087E+01   -.2091E+01   -.2093E+01   -.2096E+01   -.2098E+01   -.2100E+01   -.2101E+01   -.2104E+01   -.2104E+01   -.2106E+01   -.2107E+01   -.2108E+01   -.2109E+01   -.2110E+01   -.2111E+01   -.2112E+01   -.2112E+01   -.2113E+01   -.2113E+01   -.2113E+01   -.2113E+01   -.2113E+01   -.2113E+01   -.2113E+01   -.2113E+01
0.2410E+03   0.1333E+01   -.2398E+01   -.1504E+01   -.1367E+01   -.1200E+01   -.1941E+01   -.1991E+01   -.2076E+01   -.2068E+01   -.2102E+01   -.2109E+01   -.2128E+01   -.2134E+01   -.2146E+01   -.2150E+01   -.2157E+01   -.2159E+01   -.2165E+01   -.2167E+01   -.2171E+01   -.2172E+01   -.2175E+01   -.2176E+01   -.2179E+01   -.2180E+01   -.2182E+01   -.2183E+01   -.2184E+01   -.2185E+01   -.2187E+01   -.2187E+01   -.2188E+01   -.2189E+01   -.2190E+01   -.2190E+01   -.2191E+01   -.2191E+01   -.2191E+01   -.2191E+01   -.2191E+01   -.2191E+01   -.2191E+01
0.2420E+03   0.1667E+01   -.2647E+01   -.2372E+01   -.1540E+01   -.1369E+01   -.1192E+01   -.1939E+01   -.1990E+01   -.2075E+01   -.2066E+01   -.2098E+01   -.2106E+01   -.2124E+01   -.2129E+01   -.2139E+01   -.2143E+01   -.2150E+01   -.2153E+01   -.2158E+01   -.2160E+01   -.2164E+01   -.2165E+01   -.2168E+01   -.2169E+01   -.2172E+01   -.2173E+01   -.2175E+01   -.2175E+01   -.2177E+01   -.2177E+01   -.2179E+01   -.2179E+01   -.2180E+01   -.2181E+01   -.2182E+01   -.2182E+01   -.2182E+01   -.2182E+01   -.2182E+01   -.2182E+01   -.2182E+01   -.2182E+01
0.2430E+03   0.2000E+01   -.3142E+01   -.2631E+01   -.2361E+01   -.1519E+01   -.1375E+01   -.1200E+01   -.1935E+01   -.1981E+01   -.2066E+01   -.2056E+01   -.2088E+01   -.2097E+01   -.2114E+01   -.2120E+01   -.2129E+01   -.2133E+01   -.2140E+01   -.2142E+01   -.2147E+01   -.2149E+01   -.2153E+01   -.2154E+01   -.2157E+01   -.2158E+01   -.2160E+01   -.2161E+01   -.2163E+01   -.2164E+01   -.2165E+01   -.2166E+01   -.2167E+01   -.2167E+01   -.2168E+01   -.2169E+01   -.2170E+01   -.2170E+01   -.2170E+01   -.2170E+01   -.2170E+01   -.2170E+01   -.2170E+01
0.2440E+03   0.2333E+01   -.3686E+01   -.3168E+01   -.2639E+01   -.2364E+01   -.1544E+01   -.1391E+01   -.1212E+01   -.1952E+01   -.1996E+01   -.2080E+01   -.2070E+01   -.2101E+01   -.2108E+01   -.2124E+01   -.2131E+01   -.2140E+01   -.2143E+01   -.2150E+01   -.2153E+01   -.2157E+01   -.2159E+01   -.2163E+01   -.2164E+01   -.2167E+01   -.2168E+01   -.2170E+01   -.2171E+01   -.2173E+01   -.2173E+01   -.2175E+01   -.2175E+01   -.2177E+01   -.2177E+01   -.2178E+01   -.2179E+01   -.2179E+01   -.2179E+01   -.2179E+01   -.2179E+01   -.2179E+01   -.2179E+01
0.2450E+03   0.2667E+01   -.4132E+01   -.3709E+01   -.3170E+01   -.2642E+01   -.2364E+01   -.1513E+01   -.1382E+01   -.1199E+01   -.1944E+01   -.1988E+01   -.2071E+01   -.2063E+01   -.2093E+01   -.2101E+01   -.2117E+01   -.2122E+01   -.2132E+01   -.2135E+01   -.2142E+01   -.2144E+01   -.2149E+01   -.2150E+01   -.2154E+01   -.2155E+01   -.2158E+01   -.2159E+01   -.2161E+01   -.2162E+01   -.2163E+01   -.2164E+01   -.2165E+01   -.2166E+01   -.2167E+01   -.2168E+01   -.2169E+01   -.2169E+01   -.2169E+01   -.2169E+01   -.2169E+01   -.2169E+01   -.2169E+01
0.2460E+03   0.3000E+01   -.4244E+01   -.4165E+01   -.3725E+01   -.3177E+01   -.2640E+01   -.2368E+01   -.1538E+01   -.1388E+01   -.1202E+01   -.1948E+01   -.1992E+01   -.2074E+01   -.2065E+01   -.2094E+01   -.2103E+01   -.2119E+01   -.2124E+01   -.2133E+01   -.2137E+01   -.2143E+01   -.2146E+01   -.2150E+01   -.2152E+01   -.2155E+01   -.2157E+01   -.2159E+01   -.2160E+01   -.2162E+01   -.2163E+01   -.2165E+01   -.2165E+01   -.2167E+01   -.2167E+01   -.2168E+01   -.2169E+01   -.2169E+01   -.2169E+01   -.2169E+01   -.2169E+01   -.2169E+01   -.2169E+01
0.2470E+03   0.3333E+01   -.4226E+01   -.4245E+01   -.4165E+01   -.3734E+01   -.3180E+01   -.2643E+01   -.2368E+01   -.1550E+01   -.1398E+01   -.1210E+01   -.1955E+01   -.2003E+01   -.2082E+01   -.2074E+01   -.2102E+01   -.2111E+01   -.2126E+01   -.2132E+01   -.2140E+01   -.2144E+01   -.2150E+01   -.2152E+01   -.2157E+01   -.2158E+01   -.2162E+01   -.2163E+01   -.2166E+01   -.2167E+01   -.2169E+01   -.2169E+01   -.2171E+01   -.2171E+01   -.2173E+01   -.2173E+01   -.2174E+01   -.2174E+01   -.2174E+01   -.2174E+01   -.2174E+01   -.2174E+01   -.2174E+01
0.2480E+03   0.3667E+01   -.4191E+01   -.4227E+01   -.4242E+01   -.4164E+01   -.3736E+01   -.3179E+01   -.2643E+01   -.2367E+01   -.1554E+01   -.1401E+01   -.1212E+01   -.1960E+01   -.2005E+01   -.2085E+01   -.2078E+01   -.2107E+01   -.2114E+01   -.2130E+01   -.2136E+01   -.2145E+01   -.2148E+01   -.2154E+01   -.2157E+01   -.2161E+01   -.2163E+01   -.2166E+01   -.2167E+01   -.2170E+01   -.2170E+01   -.2173E+01   -.2173E+01   -.2175E+01   -.2175E+01   -.2177E+01   -.2177E+01   -.2177E+01   -.2177E+01   -.2177E+01   -.2177E+01   -.2177E+01   -.2177E+01
0.2490E+03   0.4000E+01   -.4157E+01   -.4188E+01   -.4224E+01   -.4236E+01   -.4160E+01   -.3737E+01   -.3175E+01   -.2642E+01   -.2367E+01   -.1552E+01   -.1400E+01   -.1218E+01   -.1945E+01   -.1992E+01   -.2070E+01   -.2063E+01   -.2091E+01   -.2100E+01   -.2115E+01   -.2120E+01   -.2129E+01   -.2132E+01   -.2138E+01   -.2140E+01   -.2145E+01   -.2146E+01   -.2149E+01   -.2151E+01   -.2153E+01   -.2154E+01   -.2156E+01   -.2157E+01   -.2158E+01   -.2159E+01   -.2160E+01   -.2160E+01   -.2160E+01   -.2160E+01   -.2160E+01   -.2160E+01   -.2160E+01
0.2500E+03   0.4333E+01   -.4126E+01   -.4159E+01   -.4188E+01   -.4220E+01   -.4232E+01   -.4156E+01   -.3732E+01   -.3182E+01   -.2645E+01   -.2366E+01   -.1552E+01   -.1402E+01   -.1213E+01   -.1955E+01   -.2006E+01   -.2084E+01   -.2076E+01   -.2104E+01   -.2113E+01   -.2128E+01   -.2133E+01   -.2142E+01   -.2146E+01   -.2152E+01   -.2154E+01   -.2158E+01   -.2160E+01   -.2163E+01   -.2164E+01   -.2166E+01   -.2167E+01   -.2169E+01   -.2170E+01   -.2171E+01   -.2172E+01   -.2172E+01   -.2172E+01   -.2172E+01   -.2172E+01   -.2172E+01   -.2172E+01
0.2510E+03   0.4667E+01   -.4104E+01   -.4125E+01   -.4157E+01   -.4184E+01   -.4216E+01   -.4227E+01   -.4149E+01   -.3739E+01   -.3185E+01   -.2644E+01   -.2365E+01   -.1514E+01   -.1375E+01   -.1199E+01   -.1927E+01   -.1976E+01   -.2055E+01   -.2047E+01   -.2075E+01   -.2083E+01   -.2098E+01   -.2103E+01   -.2112E+01   -.2115E+01   -.2121E+01   -.2123E+01   -.2127E+01   -.2129E+01   -.2132E+01   -.2133E+01   -.2136E+01   -.2136E+01   -.2138E+01   -.2139E+01   -.2141E+01   -.2141E+01   -.2141E+01   -.2141E+01   -.2141E+01   -.2141E+01   -.2141E+01
0.2520E+03   0.5000E+01   -.4085E+01   -.4106E+01   -.4126E+01   -.4156E+01   -.4182E+01   -.4212E+01   -.4221E+01   -.4149E+01   -.3741E+01   -.3184E+01   -.2644E+01   -.2366E+01   -.1552E+01   -.1401E+01   -.1218E+01   -.1946E+01   -.1993E+01   -.2072E+01   -.2065E+01   -.2093E+01   -.2101E+01   -.2117E+01   -.2122E+01   -.2130E+01   -.2134E+01   -.2139E+01   -.2142E+01   -.2146E+01   -.2147E+01   -.2150E+01   -.2151E+01   -.2154E+01   -.2155E+01   -.2157E+01   -.2157E+01   -.2157E+01   -.2157E+01   -.2157E+01   -.2157E+01   -.2157E+01   -.2157E+01
0.2530E+03   0.5333E+01   -.4072E+01   -.4084E+01   -.4105E+01   -.4124E+01   -.4154E+01   -.4179E+01   -.4209E+01   -.4219E+01   -.4146E+01   -.3741E+01   -.3183E+01   -.2631E+01   -.2364E+01   -.1510E+01   -.1379E+01   -.1202E+01   -.1933E+01   -.1981E+01   -.2058E+01   -.2051E+01   -.2079E+01   -.2086E+01   -.2101E+01   -.2107E+01   -.2115E+01   -.2118E+01   -.2124E+01   -.2127E+01   -.2131E+01   -.2132E+01   -.2135E+01   -.2136E+01   -.2139E+01   -.2139E+01   -.2141E+01   -.2141E+01   -.2141E+01   -.2141E+01   -.2141E+01   -.2141E+01   -.2141E+01
0.2540E+03   0.5667E+01   -.4060E+01   -.4074E+01   -.4086E+01   -.4105E+01   -.4124E+01   -.4152E+01   -.4176E+01   -.4207E+01   -.4215E+01   -.4144E+01   -.3740E+01   -.3167E+01   -.2647E+01   -.2372E+01   -.1505E+01   -.1377E+01   -.1198E+01   -.1937E+01   -.1987E+01   -.2064E+01   -.2056E+01   -.2085E+01   -.2093E+01   -.2108E+01   -.2113E+01   -.2122E+01   -.2125E+01   -.2131E+01   -.2133E+01   -.2137E+01   -.2138E+01   -.2142E+01   -.2143E+01   -.2145E+01   -.2146E+01   -.2146E+01   -.2146E+01   -.2146E+01   -.2146E+01   -.2146E+01   -.2146E+01
0.2550E+03   0.6000E+01   -.4052E+01   -.4060E+01   -.4073E+01   -.4085E+01   -.4105E+01   -.4122E+01   -.4151E+01   -.4174E+01   -.4204E+01   -.4212E+01   -.4141E+01   -.3726E+01   -.3180E+01   -.2638E+01   -.2363E+01   -.1514E+01   -.1385E+01   -.1206E+01   -.1932E+01   -.1981E+01   -.2059E+01   -.2050E+01   -.2078E+01   -.2086E+01   -.2101E+01   -.2107E+01   -.2115E+01   -.2119E+01   -.2124E+01   -.2126E+01   -.2131E+01   -.2132E+01   -.2135E+01   -.2136E+01   -.2138E+01   -.2138E+01   -.2138E+01   -.2138E+01   -.2138E+01   -.2138E+01   -.2138E+01
0.2560E+03   0.6333E+01   -.4044E+01   -.4053E+01   -.4061E+01   -.4074E+01   -.4085E+01   -.4104E+01   -.4121E+01   -.4149E+01   -.4172E+01   -.4202E+01   -.4209E+01   -.4133E+01   -.3738E+01   -.3176E+01   -.2649E+01   -.2373E+01   -.1546E+01   -.1397E+01   -.1214E+01   -.1943E+01   -.1991E+01   -.2070E+01   -.2061E+01   -.2089E+01   -.2097E+01   -.2112E+01   -.2117E+01   -.2125E+01   -.2128E+01   -.2134E+01   -.2136E+01   -.2141E+01   -.2142E+01   -.2145E+01   -.2146E+01   -.2146E+01   -.2146E+01   -.2146E+01   -.2146E+01   -.2146E+01   -.2146E+01
0.2570E+03   0.6667E+01   -.4038E+01   -.4044E+01   -.4053E+01   -.4061E+01   -.4074E+01   -.4085E+01   -.4104E+01   -.4120E+01   -.4148E+01   -.4170E+01   -.4200E+01   -.4206E+01   -.4136E+01   -.3738E+01   -.3178E+01   -.2644E+01   -.2370E+01   -.1510E+01   -.1375E+01   -.1200E+01   -.1930E+01   -.1975E+01   -.2054E+01   -.2046E+01   -.2074E+01   -.2082E+01   -.2097E+01   -.2102E+01   -.2111E+01   -.2114E+01   -.2120E+01   -.2122E+01   -.2126E+01   -.2127E+01   -.2130E+01   -.2131E+01   -.2131E+01   -.2131E+01   -.2131E+01   -.2131E+01   -.2131E+01
0.2580E+03   0.7000E+01   -.4033E+01   -.4040E+01   -.4045E+01   -.4054E+01   -.4061E+01   -.4074E+01   -.4084E+01   -.4103E+01   -.4119E+01   -.4146E+01   -.4169E+01   -.4197E+01   -.4205E+01   -.4132E+01   -.3738E+01   -.3179E+01   -.2645E+01   -.2373E+01   -.1512E+01   -.1380E+01   -.1201E+01   -.1935E+01   -.1981E+01   -.2059E+01   -.2050E+01   -.2078E+01   -.2086E+01   -.2101E+01   -.2106E+01   -.2115E+01   -.2117E+01   -.2123E+01   -.2125E+01   -.2129E+01   -.2131E+01   -.2131E+01   -.2131E+01   -.2131E+01   -.2131E+01   -.2131E+01   -.2131E+01
0.2590E+03   0.7333E+01   -.4030E+01   -.4033E+01   -.4040E+01   -.4045E+01   -.4054E+01   -.4061E+01   -.4074E+01   -.4084E+01   -.4102E+01   -.4118E+01   -.4145E+01   -.4168E+01   -.4196E+01   -.4203E+01   -.4132E+01   -.3738E+01   -.3180E+01   -.2643E+01   -.2372E+01   -.1514E+01   -.1383E+01   -.1199E+01   -.1939E+01   -.1987E+01   -.2065E+01   -.2057E+01   -.2085E+01   -.2093E+01   -.2108E+01   -.2113E+01   -.2122E+01   -.2124E+01   -.2130E+01   -.2132E+01   -.2136E+01   -.2137E+01   -.2137E+01   -.2137E+01   -.2137E+01   -.2137E+01   -.2137E+01
0.2600E+03   0.7667E+01   -.4026E+01   -.4031E+01   -.4035E+01   -.4041E+01   -.4046E+01   -.4054E+01   -.4061E+01   -.4073E+01   -.4084E+01   -.4102E+01   -.4117E+01   -.4145E+01   -.4167E+01   -.4195E+01   -.4202E+01   -.4130E+01   -.3737E+01   -.3175E+01   -.2646E+01   -.2370E+01   -.1537E+01   -.1387E+01   -.1205E+01   -.1934E+01   -.1981E+01   -.2059E+01   -.2050E+01   -.2078E+01   -.2086E+01   -.2101E+01   -.2106E+01   -.2114E+01   -.2118E+01   -.2123E+01   -.2125E+01   -.2126E+01   -.2126E+01   -.2126E+01   -.2126E+01   -.2126E+01   -.2126E+01
0.2610E+03   0.8000E+01   -.4023E+01   -.4026E+01   -.4031E+01   -.4035E+01   -.4041E+01   -.4046E+01   -.4054E+01   -.4061E+01   -.4073E+01   -.4083E+01   -.4101E+01   -.4117E+01   -.4144E+01   -.4166E+01   -.4194E+01   -.4201E+01   -.4130E+01   -.3737E+01   -.3179E+01   -.2644E+01   -.2371E+01   -.1550E+01   -.1394E+01   -.1212E+01   -.1944E+01   -.1992E+01   -.2070E+01   -.2063E+01   -.2090E+01   -.2097E+01   -.2113E+01   -.2118E+01   -.2126E+01   -.2129E+01   -.2135E+01   -.2135E+01   -.2135E+01   -.2135E+01   -.2135E+01   -.2135E+01   -.2135E+01
0.2620E+03   0.8333E+01   -.4021E+01   -.4024E+01   -.4027E+01   -.4032E+01   -.4035E+01   -.4041E+01   -.4046E+01   -.4054E+01   -.4061E+01   -.4073E+01   -.4083E+01   -.4101E+01   -.4116E+01   -.4143E+01   -.4165E+01   -.4193E+01   -.4200E+01   -.4128E+01   -.3737E+01   -.3179E+01   -.2645E+01   -.2369E+01   -.1511E+01   -.1382E+01   -.1202E+01   -.1932E+01   -.1979E+01   -.2056E+01   -.2047E+01   -.2076E+01   -.2083E+01   -.2099E+01   -.2104E+01   -.2112E+01   -.2115E+01   -.2116E+01   -.2116E+01   -.2116E+01   -.2116E+01   -.2116E+01   -.2116E+01
0.2630E+03   0.8667E+01   -.4019E+01   -.4021E+01   -.4025E+01   -.4027E+01   -.4032E+01   -.4035E+01   -.4042E+01   -.4046E+01   -.4054E+01   -.4061E+01   -.4073E+01   -.4083E+01   -.4100E+01   -.4116E+01   -.4142E+01   -.4164E+01   -.4193E+01   -.4199E+01   -.4128E+01   -.3739E+01   -.3178E+01   -.2644E+01   -.2367E+01   -.1537E+01   -.1384E+01   -.1204E+01   -.1938E+01   -.1986E+01   -.2064E+01   -.2053E+01   -.2083E+01   -.2089E+01   -.2104E+01   -.2110E+01   -.2118E+01   -.2119E+01   -.2119E+01   -.2119E+01   -.2119E+01   -.2119E+01   -.2119E+01
0.2640E+03   0.9000E+01   -.4017E+01   -.4020E+01   -.4022E+01   -.4025E+01   -.4028E+01   -.4032E+01   -.4036E+01   -.4042E+01   -.4046E+01   -.4054E+01   -.4061E+01   -.4073E+01   -.4082E+01   -.4100E+01   -.4115E+01   -.4142E+01   -.4164E+01   -.4191E+01   -.4198E+01   -.4129E+01   -.3735E+01   -.3182E+01   -.2645E+01   -.2370E+01   -.1511E+01   -.1384E+01   -.1202E+01   -.1934E+01   -.1981E+01   -.2060E+01   -.2050E+01   -.2079E+01   -.2086E+01   -.2101E+01   -.2106E+01   -.2107E+01   -.2107E+01   -.2107E+01   -.2107E+01   -.2107E+01   -.2107E+01
0.2650E+03   0.9333E+01   -.4015E+01   -.4017E+01   -.4020E+01   -.4022E+01   -.4026E+01   -.4028E+01   -.4033E+01   -.4036E+01   -.4042E+01   -.4046E+01   -.4054E+01   -.4061E+01   -.4072E+01   -.4082E+01   -.4100E+01   -.4115E+01   -.4142E+01   -.4163E+01   -.4191E+01   -.4198E+01   -.4127E+01   -.3740E+01   -.3180E+01   -.2644E+01   -.2374E+01   -.1537E+01   -.1385E+01   -.1205E+01   -.1934E+01   -.1978E+01   -.2058E+01   -.2047E+01   -.2075E+01   -.2083E+01   -.2098E+01   -.2099E+01   -.2099E+01   -.2099E+01   -.2099E+01   -.2099E+01   -.2099E+01
0.2660E+03   0.9667E+01   -.4014E+01   -.4016E+01   -.4018E+01   -.4021E+01   -.4023E+01   -.4026E+01   -.4028E+01   -.4033E+01   -.4036E+01   -.4042E+01   -.4046E+01   -.4054E+01   -.4060E+01   -.4072E+01   -.4082E+01   -.4099E+01   -.4115E+01   -.4141E+01   -.4162E+01   -.4191E+01   -.4197E+01   -.4129E+01   -.3740E+01   -.3178E+01   -.2651E+01   -.2372E+01   -.1524E+01   -.1384E+01   -.1202E+01   -.1940E+01   -.1983E+01   -.2063E+01   -.2054E+01   -.2081E+01   -.2089E+01   -.2091E+01   -.2091E+01   -.2091E+01   -.2091E+01   -.2091E+01   -.2091E+01
0.2670E+03   0.1000E+02   -.4013E+01   -.4014E+01   -.4016E+01   -.4018E+01   -.4021E+01   -.4023E+01   -.4026E+01   -.4028E+01   -.4033E+01   -.4036E+01   -.4042E+01   -.4046E+01   -.4054E+01   -.4060E+01   -.4072E+01   -.4082E+01   -.4099E+01   -.4115E+01   -.4141E+01   -.4162E+01   -.4190E+01   -.4197E+01   -.4128E+01   -.3735E+01   -.3185E+01   -.2645E+01   -.2365E+01   -.1514E+01   -.1384E+01   -.1198E+01   -.1938E+01   -.1981E+01   -.2059E+01   -.2051E+01   -.2079E+01   -.2080E+01   -.2080E+01   -.2080E+01   -.2080E+01   -.2080E+01   -.2080E+01
0.2680E+03   0.1033E+02   -.4012E+01   -.4013E+01   -.4015E+01   -.4017E+01   -.4019E+01   -.4021E+01   -.4023E+01   -.4026E+01   -.4029E+01   -.4033E+01   -.4036E+01   -.4042E+01   -.4046E+01   -.4054E+01   -.4060E+01   -.4072E+01   -.4081E+01   -.4099E+01   -.4114E+01   -.4140E+01   -.4162E+01   -.4190E+01   -.4197E+01   -.4126E+01   -.3744E+01   -.3176E+01   -.2646E+01   -.2376E+01   -.1548E+01   -.1394E+01   -.1205E+01   -.1945E+01   -.1991E+01   -.2068E+01   -.2060E+01   -.2063E+01   -.2063E+01   -.2063E+01   -.2063E+01   -.2063E+01   -.2063E+01
0.2690E+03   0.1067E+02   -.4011E+01   -.4012E+01   -.4014E+01   -.4015E+01   -.4017E+01   -.4019E+01   -.4021E+01   -.4023E+01   -.4027E+01   -.4029E+01   -.4033E+01   -.4036E+01   -.4042E+01   -.4046E+01   -.4054E+01   -.4060E+01   -.4072E+01   -.4081E+01   -.4099E+01   -.4114E+01   -.4140E+01   -.4162E+01   -.4190E+01   -.4195E+01   -.4129E+01   -.3733E+01   -.3179E+01   -.2642E+01   -.2367E+01   -.1550E+01   -.1397E+01   -.1206E+01   -.1946E+01   -.1994E+01   -.2072E+01   -.2069E+01   -.2069E+01   -.2069E+01   -.2069E+01   -.2069E+01   -.2069E+01
0.2700E+03   0.1100E+02   -.4010E+01   -.4011E+01   -.4012E+01   -.4014E+01   -.4015E+01   -.4018E+01   -.4019E+01   -.4022E+01   -.4023E+01   -.4027E+01   -.4029E+01   -.4033E+01   -.4036E+01   -.4042E+01   -.4046E+01   -.4054E+01   -.4060E+01   -.4072E+01   -.4081E+01   -.4098E+01   -.4114E+01   -.4140E+01   -.4161E+01   -.4189E+01   -.4196E+01   -.4123E+01   -.3739E+01   -.3180E+01   -.2648E+01   -.2368E+01   -.1553E+01   -.1397E+01   -.1212E+01   -.1941E+01   -.1988E+01   -.2009E+01   -.2009E+01   -.2009E+01   -.2009E+01   -.2009E+01   -.2009E+01
0.2710E+03   0.1133E+02   -.4009E+01   -.4010E+01   -.4012E+01   -.4013E+01   -.4015E+01   -.4016E+01   -.4018E+01   -.4019E+01   -.4022E+01   -.4024E+01   -.4027E+01   -.4029E+01   -.4033E+01   -.4036E+01   -.4042E+01   -.4046E+01   -.4054E+01   -.4060E+01   -.4072E+01   -.4081E+01   -.4099E+01   -.4114E+01   -.4140E+01   -.4161E+01   -.4189E+01   -.4194E+01   -.4126E+01   -.3740E+01   -.3182E+01   -.2645E+01   -.2366E+01   -.1552E+01   -.1395E+01   -.1213E+01   -.1944E+01   -.1988E+01   -.1989E+01   -.1989E+01   -.1989E+01   -.1989E+01   -.1989E+01
0.2720E+03   0.1167E+02   -.4008E+01   -.4010E+01   -.4011E+01   -.4012E+01   -.4013E+01   -.4015E+01   -.4016E+01   -.4018E+01   -.4019E+01   -.4022E+01   -.4024E+01   -.4027E+01   -.4029E+01   -.4033E+01   -.4036E+01   -.4042E+01   -.4046E+01   -.4054E+01   -.4060E+01   -.4071E+01   -.4081E+01   -.4098E+01   -.4114E+01   -.4140E+01   -.4160E+01   -.4188E+01   -.4195E+01   -.4125E+01   -.3739E+01   -.3184E+01   -.2646E+01   -.2369E+01   -.1514E+01   -.1382E+01   -.1202E+01   -.1367E+01   -.1368E+01   -.1368E+01   -.1368E+01   -.1368E+01   -.1368E+01
0.2730E+03   0.1200E+02   -.4008E+01   -.4009E+01   -.4010E+01   -.4011E+01   -.4012E+01   -.4013E+01   -.4015E+01   -.4016E+01   -.4018E+01   -.4020E+01   -.4022E+01   -.4024E+01   -.4027E+01   -.4029E+01   -.4033E+01   -.4036E+01   -.4042E+01   -.4046E+01   -.4054E+01   -.4060E+01   -.4072E+01   -.4081E+01   -.4098E+01   -.4113E+01   -.4139E+01   -.4161E+01   -.4189E+01   -.4195E+01   -.4127E+01   -.3742E+01   -.3184E+01   -.2646E+01   -.2374E+01   -.1538E+01   -.1381E+01   -.9708E+00   -.9705E+00   -.9705E+00   -.9705E+00   -.9705E+00   -.9705E+00
0.2740E+03   0.1233E+02   -.4007E+01   -.4008E+01   -.4009E+01   -.4010E+01   -.4011E+01   -.4013E+01   -.4014E+01   -.4015E+01   -.4016E+01   -.4018E+01   -.4020E+01   -.4022E+01   -.4024E+01   -.4027E+01   -.4029E+01   -.4033E+01   -.4036E+01   -.4042E+01   -.4046E+01   -.4054E+01   -.4060E+01   -.4071E+01   -.4081E+01   -.4098E+01   -.4113E+01   -.4140E+01   -.4161E+01   -.4188E+01   -.4195E+01   -.4127E+01   -.3740E+01   -.3183E+01   -.2642E+01   -.2371E+01   -.1522E+01   -.9643E+00   -.9650E+00   -.9650E+00   -.9650E+00   -.9650E+00   -.9650E+00
0.2370E+03   0.1267E+02   -.4007E+01   -.4007E+01   -.4009E+01   -.4009E+01   -.4011E+01   -.4011E+01   -.4013E+01   -.4013E+01   -.4016E+01   -.4016E+01   -.4020E+01   -.4019E+01   -.4024E+01   -.4023E+01   -.4029E+01   -.4028E+01   -.4035E+01   -.4035E+01   -.4045E+01   -.4044E+01   -.4057E+01   -.4057E+01   -.4075E+01   -.4077E+01   -.4103E+01   -.4109E+01   -.4146E+01   -.4155E+01   -.4199E+01   -.4186E+01   -.4134E+01   -.3705E+01   -.3169E+01   -.2594E+01   -.2373E+01   -.2346E+01   -.2350E+01   -.2350E+01   -.2350E+01   -.2350E+01   -.2350E+01
0.1184E+04   0.1293E+02   -.4007E+01   -.4004E+01   -.4010E+01   -.4006E+01   -.4012E+01   -.4008E+01   -.4016E+01   -.4009E+01   -.4019E+01   -.4010E+01   -.4023E+01   -.4012E+01   -.4028E+01   -.4015E+01   -.4034E+01   -.4017E+01   -.4041E+01   -.4022E+01   -.4052E+01   -.4026E+01   -.4066E+01   -.4033E+01   -.4083E+01   -.4044E+01   -.4112E+01   -.4066E+01   -.4153E+01   -.4103E+01   -.4210E+01   -.4139E+01   -.4249E+01   -.4077E+01   -.3766E+01   -.3016E+01   -.2700E+01   -.2556E+01   -.2556E+01   -.2556E+01   -.2556E+01   -.2556E+01   -.2556E+01
0.1185E+04   0.1323E+02   -.4006E+01   -.4007E+01   -.4008E+01   -.4008E+01   -.4009E+01   -.4010E+01   -.4011E+01   -.4012E+01   -.4013E+01   -.4014E+01   -.4016E+01   -.4017E+01   -.4019E+01   -.4021E+01   -.4023E+01   -.4025E+01   -.4028E+01   -.4030E+01   -.4034E+01   -.4038E+01   -.4043E+01   -.4048E+01   -.4056E+01   -.4063E+01   -.4075E+01   -.4086E+01   -.4104E+01   -.4122E+01   -.4148E+01   -.4174E+01   -.4201E+01   -.4201E+01   -.4065E+01   -.3540E+01   -.2970E+01   -.2967E+01   -.2966E+01   -.2966E+01   -.2966E+01   -.2966E+01   -.2966E+01
0.1186E+04   0.1356E+02   -.4006E+01   -.4006E+01   -.4007E+01   -.4008E+01   -.4009E+01   -.4010E+01   -.4010E+01   -.4011E+01   -.4012E+01   -.4014E+01   -.4015E+01   -.4016E+01   -.4017E+01   -.4019E+01   -.4021E+01   -.4023E+01   -.4025E+01   -.4028E+01   -.4031E+01   -.4035E+01   -.4038E+01   -.4043E+01   -.4048E+01   -.4056E+01   -.4063E+01   -.4075E+01   -.4087E+01   -.4104E+01   -.4123E+01   -.4149E+01   -.4176E+01   -.4199E+01   -.4196E+01   -.4049E+01   -.3547E+01   -.3550E+01   -.3550E+01   -.3550E+01   -.3550E+01   -.3550E+01   -.3550E+01
0.1187E+04   0.1393E+02   -.4005E+01   -.4006E+01   -.4007E+01   -.4007E+01   -.4008E+01   -.4009E+01   -.4010E+01   -.4010E+01   -.4011E+01   -.4012E+01   -.4014E+01   -.4015E+01   -.4016E+01   -.4017E+01   -.4019E+01   -.4021E+01   -.4023E+01   -.4025E+01   -.4028E+01   -.4030E+01   -.4034E+01   -.4038E+01   -.4043E+01   -.4048E+01   -.4055E+01   -.4063E+01   -.4074E+01   -.4085E+01   -.4102E+01   -.4120E+01   -.4147E+01   -.4174E+01   -.4196E+01   -.4196E+01   -.4077E+01   -.4084E+01   -.4083E+01   -.4083E+01   -.4083E+01   -.4083E+01   -.4083E+01
0.1188E+04   0.1435E+02   -.4005E+01   -.4006E+01   -.4006E+01   -.4007E+01   -.4007E+01   -.4008E+01   -.4009E+01   -.4010E+01   -.4010E+01   -.4011E+01   -.4012E+01   -.4013E+01   -.4014E+01   -.4016E+01   -.4017E+01   -.4019E+01   -.4020E+01   -.4022E+01   -.4024E+01   -.4027E+01   -.4030E+01   -.4033E+01   -.4037E+01   -.4042E+01   -.4046E+01   -.4054E+01   -.4061E+01   -.4071E+01   -.4082E+01   -.4098E+01   -.4116E+01   -.4140E+01   -.4167E+01   -.4190E+01   -.4206E+01   -.4212E+01   -.4212E+01   -.4212E+01   -.4212E+01   -.4212E+01   -.4212E+01
0.1189E+04   0.1482E+02   -.4005E+01   -.4005E+01   -.4006E+01   -.4006E+01   -.4007E+01   -.4007E+01   -.4008E+01   -.4009E+01   -.4010E+01   -.4010E+01   -.4011E+01   -.4012E+01   -.4013E+01   -.4014E+01   -.4015E+01   -.4017E+01   -.4018E+01   -.4020E+01   -.4022E+01   -.4024E+01   -.4026E+01   -.4029E+01   -.4032E+01   -.4035E+01   -.4040E+01   -.4045E+01   -.4051E+01   -.4058E+01   -.4067E+01   -.4077E+01   -.4092E+01   -.4108E+01   -.4131E+01   -.4157E+01   -.4181E+01   -.4184E+01   -.4184E+01   -.4184E+01   -.4184E+01   -.4184E+01   -.4184E+01
0.1190E+04   0.1535E+02   -.4004E+01   -.4005E+01   -.4005E+01   -.4006E+01   -.4006E+01   -.4007E+01   -.4007E+01   -.4008E+01   -.4009E+01   -.4009E+01   -.4010E+01   -.4011E+01   -.4012E+01   -.4013E+01   -.4014E+01   -.4015E+01   -.4016E+01   -.4018E+01   -.4019E+01   -.4021E+01   -.4023E+01   -.4025E+01   -.4027E+01   -.4031E+01   -.4033E+01   -.4038E+01   -.4042E+01   -.4048E+01   -.4054E+01   -.4062E+01   -.4072E+01   -.4084E+01   -.4099E+01   -.4119E+01   -.4142E+01   -.4144E+01   -.4144E+01   -.4144E+01   -.4144E+01   -.4144E+01   -.4144E+01
0.1191E+04   0.1594E+02   -.4004E+01   -.4004E+01   -.4005E+01   -.4005E+01   -.4005E+01   -.4006E+01   -.4007E+01   -.4007E+01   -.4008E+01   -.4008E+01   -.4009E+01   -.4010E+01   -.4010E+01   -.4011E+01   -.4012E+01   -.4013E+01   -.4014E+01   -.4015E+01   -.4017E+01   -.4018E+01   -.4020E+01   -.4021E+01   -.4024E+01   -.4026E+01   -.4029E+01   -.4031E+01   -.4035E+01   -.4039E+01   -.4044E+01   -.4049E+01   -.4057E+01   -.4065E+01   -.4075E+01   -.4088E+01   -.4105E+01   -.4106E+01   -.4106E+01   -.4106E+01   -.4106E+01   -.4106E+01   -.4106E+01
0.1192E+04   0.1660E+02   -.4004E+01   -.4004E+01   -.4004E+01   -.4004E+01   -.4005E+01   -.4005E+01   -.4006E+01   -.4006E+01   -.4007E+01   -.4007E+01   -.4008E+01   -.4009E+01   -.4009E+01   -.4010E+01   -.4011E+01   -.4012E+01   -.4012E+01   -.4013E+01   -.4015E+01   -.4016E+01   -.4017E+01   -.4019E+01   -.4020E+01   -.4022E+01   -.4024E+01   -.4027E+01   -.4029E+01   -.4032E+01   -.4036E+01   -.4040E+01   -.4045E+01   -.4051E+01   -.4058E+01   -.4066E+01   -.4076E+01   -.4077E+01   -.4077E+01   -.4077E+01   -.4077E+01   -.4077E+01   -.4077E+01
0.1193E+04   0.1735E+02   -.4003E+01   -.4003E+01   -.4004E+01   -.4004E+01   -.4004E+01   -.4005E+01   -.4005E+01   -.4005E+01   -.4006E+01   -.4006E+01   -.4007E+01   -.4007E+01   -.4008E+01   -.4009E+01   -.4009E+01   -.4010E+01   -.4011E+01   -.4012E+01   -.4013E+01   -.4014E+01   -.4015E+01   -.4016E+01   -.4017E+01   -.4019E+01   -.4020E+01   -.4022E+01   -.4024E+01   -.4027E+01   -.4029E+01   -.4033E+01   -.4036E+01   -.4040E+01   -.4045E+01   -.4051E+01   -.4058E+01   -.4058E+01   -.4058E+01   -.4058E+01   -.4058E+01   -.4058E+01   -.4058E+01
0.1194E+04   0.1818E+02   -.4003E+01   -.4003E+01   -.4003E+01   -.4004E+01   -.4004E+01   -.4004E+01   -.4004E+01   -.4005E+01   -.4005E+01   -.4006E+01   -.4006E+01   -.4007E+01   -.4007E+01   -.4008E+01   -.4008E+01   -.4009E+01   -.4010E+01   -.4010E+01   -.4011E+01   -.4012E+01   -.4013E+01   -.4014E+01   -.4015E+01   -.4016E+01   -.4018E+01   -.4019E+01   -.4021E+01   -.4023E+01   -.4025E+01   -.4027E+01   -.4030E+01   -.4033E+01   -.4036E+01   -.4040E+01   -.4045E+01   -.4045E+01   -.4045E+01   -.4045E+01   -.4045E+01   -.4045E+01   -.4045E+01
0.1195E+04   0.1912E+02   -.4003E+01   -.4003E+01   -.4003E+01   -.4003E+01   -.4003E+01   -.4004E+01   -.4004E+01   -.4004E+01   -.4005E+01   -.4005E+01   -.4005E+01   -.4006E+01   -.4006E+01   -.4007E+01   -.4007E+01   -.4008E+01   -.4008E+01   -.4009E+01   -.4010E+01   -.4011E+01   -.4011E+01   -.4012E+01   -.4013E+01   -.4014E+01   -.4015E+01   -.4017E+01   -.4018E+01   -.4020E+01   -.4021E+01   -.4023E+01   -.4025E+01   -.4028E+01   -.4030E+01   -.4034E+01   -.4037E+01   -.4037E+01   -.4037E+01   -.4037E+01   -.4037E+01   -.4037E+01   -.4037E+01
0.1196E+04   0.2017E+02   -.4003E+01   -.4003E+01   -.4003E+01   -.4003E+01   -.4003E+01   -.4003E+01   -.4003E+01   -.4004E+01   -.4004E+01   -.4004E+01   -.4005E+01   -.4005E+01   -.4005E+01   -.4006E+01   -.4006E+01   -.4007E+01   -.4008E+01   -.4008E+01   -.4009E+01   -.4009E+01   -.4010E+01   -.4011E+01   -.4012E+01   -.4013E+01   -.4014E+01   -.4015E+01   -.4017E+01   -.4018E+01   -.4020E+01   -.4021E+01   -.4023E+01   -.4025E+01   -.4028E+01   -.4030E+01   -.4033E+01   -.4033E+01   -.4033E+01   -.4033E+01   -.4033E+01   -.4033E+01   -.4033E+01
0.1197E+04   0.2135E+02   -.4003E+01   -.4003E+01   -.4003E+01   -.4003E+01   -.4003E+01   -.4003E+01   -.4003E+01   -.4003E+01   -.4004E+01   -.4004E+01   -.4004E+01   -.4005E+01   -.4005E+01   -.4006E+01   -.4006E+01   -.4007E+01   -.4007E+01   -.4008E+01   -.4008E+01   -.4009E+01   -.4010E+01   -.4011E+01   -.4012E+01   -.4013E+01   -.4014E+01   -.4015E+01   -.4016E+01   -.4018E+01   -.4019E+01   -.4021E+01   -.4022E+01   -.4025E+01   -.4027E+01   -.4030E+01   -.4032E+01   -.4032E+01   -.4032E+01   -.4032E+01   -.4032E+01   -.4032E+01   -.4032E+01
0.1183E+04   0.2267E+02   -.4003E+01   -.4003E+01   -.4003E+01   -.4003E+01   -.4003E+01   -.4003E+01   -.4003E+01   -.4003E+01   -.4003E+01   -.4004E+01   -.4004E+01   -.4004E+01   -.4005E+01   -.4005E+01   -.4006E+01   -.4006E+01   -.4007E+01   -.4008E+01   -.4008E+01   -.4009E+01   -.4010E+01   -.4011E+01   -.4012E+01   -.4013E+01   -.4014E+01   -.4015E+01   -.4017E+01   -.4018E+01   -.4020E+01   -.4021E+01   -.4024E+01   -.4025E+01   -.4028E+01   -.4030E+01   -.4034E+01   -.4033E+01   -.4033E+01   -.4033E+01   -.4033E+01   -.4033E+01   -.4033E+01
