0.2350E+03   0.0000E+00   0.5247E+00   0.5668E+00   0.6194E+00   0.6436E+00   0.6692E+00   0.6833E+00   0.6971E+00   0.7056E+00   0.7136E+00   0.7190E+00   0.7239E+00   0.7274E+00   0.7306E+00   0.7330E+00   0.7352E+00   0.7369E+00   0.7385E+00   0.7397E+00   0.7408E+00   0.7417E+00   0.7426E+00   0.7433E+00   0.7440E+00   0.7445E+00   0.7450E+00   0.7455E+00   0.7459E+00   0.7463E+00   0.7466E+00   0.7469E+00   0.7472E+00   0.7474E+00   0.7476E+00   0.7478E+00   0.7480E+00   0.7482E+00   0.7482E+00   0.7482E+00   0.7482E+00   0.7482E+00   0.7482E+00
0.2380E+03   0.3333E+00   0.4808E+00   0.5710E+00   0.6046E+00   0.6441E+00   0.6634E+00   0.6831E+00   0.6944E+00   0.7053E+00   0.7123E+00   0.7188E+00   0.7232E+00   0.7273E+00   0.7302E+00   0.7329E+00   0.7350E+00   0.7368E+00   0.7383E+00   0.7396E+00   0.7407E+00   0.7417E+00   0.7425E+00   0.7433E+00   0.7439E+00   0.7445E+00   0.7450E+00   0.7455E+00   0.7459E+00   0.7462E+00   0.7466E+00   0.7469E+00   0.7472E+00   0.7474E+00   0.7476E+00   0.7478E+00   0.7480E+00   0.7482E+00   0.7482E+00   0.7482E+00   0.7482E+00   0.7482E+00   0.7482E+00
0.2390E+03   0.6667E+00   0.4598E+00   0.5155E+00   0.5947E+00   0.6239E+00   0.6578E+00   0.6744E+00   0.6913E+00   0.7011E+00   0.7105E+00   0.7165E+00   0.7221E+00   0.7260E+00   0.7296E+00   0.7321E+00   0.7345E+00   0.7363E+00   0.7380E+00   0.7393E+00   0.7405E+00   0.7415E+00   0.7424E+00   0.7431E+00   0.7438E+00   0.7444E+00   0.7449E+00   0.7454E+00   0.7458E+00   0.7462E+00   0.7465E+00   0.7468E+00   0.7471E+00   0.7474E+00   0.7476E+00   0.7478E+00   0.7480E+00   0.7482E+00   0.7482E+00   0.7482E+00   0.7482E+00   0.7482E+00   0.7482E+00
0.2400E+03   0.1000E+01   0.2011E+00   0.4805E+00   0.5332E+00   0.6079E+00   0.6346E+00   0.6659E+00   0.6809E+00   0.6964E+00   0.7053E+00   0.7138E+00   0.7193E+00   0.7244E+00   0.7279E+00   0.7312E+00   0.7335E+00   0.7357E+00   0.7374E+00   0.7389E+00   0.7401E+00   0.7412E+00   0.7421E+00   0.7429E+00   0.7436E+00   0.7442E+00   0.7448E+00   0.7453E+00   0.7457E+00   0.7461E+00   0.7464E+00   0.7468E+00   0.7471E+00   0.7473E+00   0.7476E+00   0.7478E+00   0.7480E+00   0.7481E+00   0.7481E+00   0.7481E+00   0.7481E+00   0.7481E+00   0.7481E+00
0.2410E+03   0.1333E+01   0.1363E+00   0.2100E+00   0.4920E+00   0.5431E+00   0.6157E+00   0.6410E+00   0.6709E+00   0.6851E+00   0.6997E+00   0.7080E+00   0.7161E+00   0.7212E+00   0.7260E+00   0.7293E+00   0.7323E+00   0.7346E+00   0.7366E+00   0.7382E+00   0.7396E+00   0.7407E+00   0.7417E+00   0.7426E+00   0.7434E+00   0.7440E+00   0.7446E+00   0.7451E+00   0.7456E+00   0.7460E+00   0.7463E+00   0.7467E+00   0.7470E+00   0.7472E+00   0.7475E+00   0.7477E+00   0.7479E+00   0.7481E+00   0.7481E+00   0.7481E+00   0.7481E+00   0.7481E+00   0.7481E+00
0.2420E+03   0.1667E+01   0.1036E+00   0.1399E+00   0.2148E+00   0.4988E+00   0.5489E+00   0.6205E+00   0.6451E+00   0.6741E+00   0.6878E+00   0.7019E+00   0.7100E+00   0.7177E+00   0.7226E+00   0.7272E+00   0.7303E+00   0.7332E+00   0.7353E+00   0.7373E+00   0.7388E+00   0.7401E+00   0.7412E+00   0.7422E+00   0.7430E+00   0.7437E+00   0.7443E+00   0.7449E+00   0.7454E+00   0.7458E+00   0.7462E+00   0.7465E+00   0.7469E+00   0.7471E+00   0.7474E+00   0.7476E+00   0.7478E+00   0.7480E+00   0.7480E+00   0.7480E+00   0.7480E+00   0.7480E+00   0.7480E+00
0.2430E+03   0.2000E+01   0.6802E-01   0.1057E+00   0.1421E+00   0.2176E+00   0.5030E+00   0.5526E+00   0.6237E+00   0.6477E+00   0.6764E+00   0.6897E+00   0.7035E+00   0.7113E+00   0.7188E+00   0.7236E+00   0.7281E+00   0.7311E+00   0.7339E+00   0.7360E+00   0.7378E+00   0.7392E+00   0.7406E+00   0.7416E+00   0.7425E+00   0.7433E+00   0.7440E+00   0.7446E+00   0.7451E+00   0.7456E+00   0.7460E+00   0.7464E+00   0.7467E+00   0.7470E+00   0.7473E+00   0.7475E+00   0.7477E+00   0.7479E+00   0.7479E+00   0.7479E+00   0.7479E+00   0.7479E+00   0.7479E+00
0.2440E+03   0.2333E+01   0.5031E-01   0.6872E-01   0.1070E+00   0.1434E+00   0.2194E+00   0.5057E+00   0.5550E+00   0.6258E+00   0.6496E+00   0.6779E+00   0.6911E+00   0.7047E+00   0.7123E+00   0.7197E+00   0.7244E+00   0.7287E+00   0.7317E+00   0.7345E+00   0.7364E+00   0.7383E+00   0.7396E+00   0.7409E+00   0.7419E+00   0.7428E+00   0.7436E+00   0.7442E+00   0.7448E+00   0.7453E+00   0.7458E+00   0.7462E+00   0.7465E+00   0.7469E+00   0.7471E+00   0.7474E+00   0.7476E+00   0.7478E+00   0.7478E+00   0.7478E+00   0.7478E+00   0.7478E+00   0.7478E+00
0.2450E+03   0.2667E+01   0.3345E-01   0.5069E-01   0.6918E-01   0.1077E+00   0.1442E+00   0.2205E+00   0.5076E+00   0.5567E+00   0.6273E+00   0.6509E+00   0.6791E+00   0.6921E+00   0.7056E+00   0.7131E+00   0.7204E+00   0.7250E+00   0.7293E+00   0.7322E+00   0.7349E+00   0.7368E+00   0.7386E+00   0.7400E+00   0.7412E+00   0.7422E+00   0.7431E+00   0.7438E+00   0.7445E+00   0.7450E+00   0.7455E+00   0.7459E+00   0.7463E+00   0.7467E+00   0.7470E+00   0.7473E+00   0.7475E+00   0.7477E+00   0.7477E+00   0.7477E+00   0.7477E+00   0.7477E+00   0.7477E+00
0.2460E+03   0.3000E+01   0.2575E-01   0.3337E-01   0.5093E-01   0.6948E-01   0.1082E+00   0.1448E+00   0.2213E+00   0.5088E+00   0.5578E+00   0.6284E+00   0.6518E+00   0.6799E+00   0.6928E+00   0.7062E+00   0.7137E+00   0.7209E+00   0.7255E+00   0.7297E+00   0.7326E+00   0.7352E+00   0.7372E+00   0.7389E+00   0.7402E+00   0.7415E+00   0.7424E+00   0.7433E+00   0.7440E+00   0.7446E+00   0.7452E+00   0.7457E+00   0.7461E+00   0.7465E+00   0.7468E+00   0.7471E+00   0.7473E+00   0.7476E+00   0.7476E+00   0.7476E+00   0.7476E+00   0.7476E+00   0.7476E+00
0.2470E+03   0.3333E+01   0.1775E-01   0.2570E-01   0.3334E-01   0.5108E-01   0.6968E-01   0.1086E+00   0.1452E+00   0.2218E+00   0.5098E+00   0.5587E+00   0.6292E+00   0.6526E+00   0.6806E+00   0.6934E+00   0.7068E+00   0.7142E+00   0.7214E+00   0.7259E+00   0.7301E+00   0.7329E+00   0.7355E+00   0.7374E+00   0.7392E+00   0.7405E+00   0.7417E+00   0.7426E+00   0.7434E+00   0.7441E+00   0.7448E+00   0.7453E+00   0.7458E+00   0.7462E+00   0.7466E+00   0.7469E+00   0.7472E+00   0.7474E+00   0.7474E+00   0.7474E+00   0.7474E+00   0.7474E+00   0.7474E+00
0.2480E+03   0.3667E+01   0.1440E-01   0.1753E-01   0.2566E-01   0.3332E-01   0.5118E-01   0.6983E-01   0.1088E+00   0.1455E+00   0.2222E+00   0.5105E+00   0.5594E+00   0.6298E+00   0.6531E+00   0.6811E+00   0.6939E+00   0.7072E+00   0.7146E+00   0.7217E+00   0.7262E+00   0.7304E+00   0.7332E+00   0.7358E+00   0.7377E+00   0.7394E+00   0.7407E+00   0.7418E+00   0.7427E+00   0.7436E+00   0.7443E+00   0.7449E+00   0.7454E+00   0.7459E+00   0.7463E+00   0.7466E+00   0.7469E+00   0.7472E+00   0.7472E+00   0.7472E+00   0.7472E+00   0.7472E+00   0.7472E+00
0.2490E+03   0.4000E+01   0.1026E-01   0.1427E-01   0.1738E-01   0.2564E-01   0.3332E-01   0.5125E-01   0.6993E-01   0.1090E+00   0.1457E+00   0.2225E+00   0.5110E+00   0.5599E+00   0.6303E+00   0.6536E+00   0.6815E+00   0.6943E+00   0.7076E+00   0.7149E+00   0.7220E+00   0.7265E+00   0.7306E+00   0.7334E+00   0.7360E+00   0.7378E+00   0.7395E+00   0.7408E+00   0.7420E+00   0.7429E+00   0.7437E+00   0.7444E+00   0.7450E+00   0.7455E+00   0.7460E+00   0.7464E+00   0.7467E+00   0.7470E+00   0.7470E+00   0.7470E+00   0.7470E+00   0.7470E+00   0.7470E+00
0.2500E+03   0.4333E+01   0.8727E-02   0.1005E-01   0.1418E-01   0.1729E-01   0.2562E-01   0.3332E-01   0.5131E-01   0.7002E-01   0.1091E+00   0.1459E+00   0.2227E+00   0.5114E+00   0.5603E+00   0.6307E+00   0.6540E+00   0.6819E+00   0.6946E+00   0.7078E+00   0.7152E+00   0.7223E+00   0.7267E+00   0.7308E+00   0.7336E+00   0.7362E+00   0.7380E+00   0.7397E+00   0.7409E+00   0.7421E+00   0.7430E+00   0.7438E+00   0.7445E+00   0.7451E+00   0.7456E+00   0.7460E+00   0.7464E+00   0.7468E+00   0.7468E+00   0.7468E+00   0.7468E+00   0.7468E+00   0.7468E+00
0.2510E+03   0.4667E+01   0.6383E-02   0.8610E-02   0.9908E-02   0.1411E-01   0.1724E-01   0.2561E-01   0.3333E-01   0.5135E-01   0.7008E-01   0.1092E+00   0.1460E+00   0.2229E+00   0.5117E+00   0.5606E+00   0.6310E+00   0.6543E+00   0.6822E+00   0.6949E+00   0.7081E+00   0.7154E+00   0.7225E+00   0.7269E+00   0.7310E+00   0.7338E+00   0.7363E+00   0.7381E+00   0.7398E+00   0.7411E+00   0.7422E+00   0.7431E+00   0.7439E+00   0.7446E+00   0.7452E+00   0.7456E+00   0.7461E+00   0.7465E+00   0.7465E+00   0.7465E+00   0.7465E+00   0.7465E+00   0.7465E+00
0.2520E+03   0.5000E+01   0.5651E-02   0.6216E-02   0.8523E-02   0.9814E-02   0.1407E-01   0.1720E-01   0.2561E-01   0.3333E-01   0.5139E-01   0.7013E-01   0.1093E+00   0.1461E+00   0.2230E+00   0.5120E+00   0.5609E+00   0.6313E+00   0.6545E+00   0.6824E+00   0.6951E+00   0.7083E+00   0.7156E+00   0.7226E+00   0.7270E+00   0.7311E+00   0.7339E+00   0.7364E+00   0.7383E+00   0.7399E+00   0.7412E+00   0.7423E+00   0.7432E+00   0.7440E+00   0.7446E+00   0.7452E+00   0.7457E+00   0.7462E+00   0.7462E+00   0.7462E+00   0.7462E+00   0.7462E+00   0.7462E+00
0.2530E+03   0.5333E+01   0.4215E-02   0.5562E-02   0.6100E-02   0.8461E-02   0.9751E-02   0.1404E-01   0.1718E-01   0.2561E-01   0.3334E-01   0.5142E-01   0.7017E-01   0.1094E+00   0.1462E+00   0.2231E+00   0.5122E+00   0.5611E+00   0.6315E+00   0.6547E+00   0.6826E+00   0.6953E+00   0.7085E+00   0.7158E+00   0.7228E+00   0.7272E+00   0.7313E+00   0.7340E+00   0.7366E+00   0.7384E+00   0.7400E+00   0.7412E+00   0.7424E+00   0.7433E+00   0.7441E+00   0.7447E+00   0.7453E+00   0.7458E+00   0.7458E+00   0.7458E+00   0.7458E+00   0.7458E+00   0.7458E+00
0.2540E+03   0.5667E+01   0.3858E-02   0.4090E-02   0.5493E-02   0.6021E-02   0.8417E-02   0.9709E-02   0.1402E-01   0.1716E-01   0.2561E-01   0.3335E-01   0.5144E-01   0.7021E-01   0.1094E+00   0.1463E+00   0.2232E+00   0.5124E+00   0.5613E+00   0.6317E+00   0.6549E+00   0.6828E+00   0.6954E+00   0.7086E+00   0.7159E+00   0.7229E+00   0.7273E+00   0.7314E+00   0.7341E+00   0.7367E+00   0.7384E+00   0.7401E+00   0.7413E+00   0.7424E+00   0.7433E+00   0.7441E+00   0.7447E+00   0.7453E+00   0.7453E+00   0.7453E+00   0.7453E+00   0.7453E+00   0.7453E+00
0.2550E+03   0.6000E+01   0.2920E-02   0.3794E-02   0.4001E-02   0.5442E-02   0.5967E-02   0.8387E-02   0.9681E-02   0.1401E-01   0.1715E-01   0.2562E-01   0.3336E-01   0.5146E-01   0.7024E-01   0.1095E+00   0.1463E+00   0.2233E+00   0.5126E+00   0.5614E+00   0.6319E+00   0.6551E+00   0.6829E+00   0.6956E+00   0.7087E+00   0.7160E+00   0.7230E+00   0.7274E+00   0.7315E+00   0.7342E+00   0.7367E+00   0.7385E+00   0.7402E+00   0.7414E+00   0.7425E+00   0.7434E+00   0.7442E+00   0.7448E+00   0.7448E+00   0.7448E+00   0.7448E+00   0.7448E+00   0.7448E+00
0.2560E+03   0.6333E+01   0.2747E-02   0.2828E-02   0.3742E-02   0.3939E-02   0.5406E-02   0.5930E-02   0.8367E-02   0.9663E-02   0.1400E-01   0.1715E-01   0.2562E-01   0.3337E-01   0.5148E-01   0.7027E-01   0.1095E+00   0.1464E+00   0.2234E+00   0.5127E+00   0.5616E+00   0.6320E+00   0.6552E+00   0.6830E+00   0.6957E+00   0.7088E+00   0.7161E+00   0.7231E+00   0.7275E+00   0.7315E+00   0.7343E+00   0.7368E+00   0.7386E+00   0.7402E+00   0.7414E+00   0.7425E+00   0.7434E+00   0.7442E+00   0.7442E+00   0.7442E+00   0.7442E+00   0.7442E+00   0.7442E+00
0.2570E+03   0.6667E+01   0.2104E-02   0.2702E-02   0.2762E-02   0.3704E-02   0.3896E-02   0.5381E-02   0.5905E-02   0.8353E-02   0.9651E-02   0.1400E-01   0.1715E-01   0.2563E-01   0.3338E-01   0.5150E-01   0.7029E-01   0.1095E+00   0.1464E+00   0.2234E+00   0.5128E+00   0.5617E+00   0.6321E+00   0.6553E+00   0.6831E+00   0.6958E+00   0.7089E+00   0.7162E+00   0.7232E+00   0.7276E+00   0.7316E+00   0.7343E+00   0.7368E+00   0.7386E+00   0.7403E+00   0.7415E+00   0.7426E+00   0.7434E+00   0.7434E+00   0.7434E+00   0.7434E+00   0.7434E+00   0.7434E+00
0.2580E+03   0.7000E+01   0.2023E-02   0.2037E-02   0.2665E-02   0.2715E-02   0.3676E-02   0.3866E-02   0.5363E-02   0.5888E-02   0.8344E-02   0.9643E-02   0.1400E-01   0.1715E-01   0.2563E-01   0.3339E-01   0.5151E-01   0.7031E-01   0.1095E+00   0.1464E+00   0.2235E+00   0.5129E+00   0.5618E+00   0.6322E+00   0.6554E+00   0.6832E+00   0.6959E+00   0.7090E+00   0.7163E+00   0.7233E+00   0.7276E+00   0.7317E+00   0.7344E+00   0.7369E+00   0.7387E+00   0.7403E+00   0.7415E+00   0.7426E+00   0.7426E+00   0.7426E+00   0.7426E+00   0.7426E+00   0.7426E+00
0.2590E+03   0.7333E+01   0.1565E-02   0.1992E-02   0.1988E-02   0.2636E-02   0.2682E-02   0.3656E-02   0.3845E-02   0.5351E-02   0.5876E-02   0.8338E-02   0.9638E-02   0.1400E-01   0.1715E-01   0.2564E-01   0.3340E-01   0.5152E-01   0.7032E-01   0.1096E+00   0.1465E+00   0.2235E+00   0.5130E+00   0.5619E+00   0.6323E+00   0.6555E+00   0.6833E+00   0.6959E+00   0.7091E+00   0.7163E+00   0.7233E+00   0.7277E+00   0.7317E+00   0.7344E+00   0.7369E+00   0.7387E+00   0.7403E+00   0.7415E+00   0.7415E+00   0.7415E+00   0.7415E+00   0.7415E+00   0.7415E+00
0.2600E+03   0.7667E+01   0.1531E-02   0.1516E-02   0.1966E-02   0.1952E-02   0.2615E-02   0.2659E-02   0.3642E-02   0.3831E-02   0.5343E-02   0.5868E-02   0.8334E-02   0.9635E-02   0.1399E-01   0.1715E-01   0.2564E-01   0.3340E-01   0.5153E-01   0.7034E-01   0.1096E+00   0.1465E+00   0.2236E+00   0.5131E+00   0.5619E+00   0.6324E+00   0.6556E+00   0.6834E+00   0.6960E+00   0.7091E+00   0.7164E+00   0.7234E+00   0.7277E+00   0.7318E+00   0.7345E+00   0.7370E+00   0.7387E+00   0.7404E+00   0.7404E+00   0.7404E+00   0.7404E+00   0.7404E+00   0.7404E+00
0.2610E+03   0.8000E+01   0.1195E-02   0.1511E-02   0.1480E-02   0.1945E-02   0.1927E-02   0.2600E-02   0.2642E-02   0.3632E-02   0.3821E-02   0.5337E-02   0.5863E-02   0.8331E-02   0.9633E-02   0.1399E-01   0.1715E-01   0.2564E-01   0.3341E-01   0.5154E-01   0.7035E-01   0.1096E+00   0.1465E+00   0.2236E+00   0.5132E+00   0.5620E+00   0.6325E+00   0.6556E+00   0.6834E+00   0.6960E+00   0.7092E+00   0.7164E+00   0.7234E+00   0.7277E+00   0.7318E+00   0.7345E+00   0.7370E+00   0.7388E+00   0.7388E+00   0.7388E+00   0.7388E+00   0.7388E+00   0.7388E+00
0.2620E+03   0.8333E+01   0.1185E-02   0.1160E-02   0.1492E-02   0.1454E-02   0.1930E-02   0.1910E-02   0.2589E-02   0.2631E-02   0.3625E-02   0.3814E-02   0.5333E-02   0.5859E-02   0.8329E-02   0.9631E-02   0.1399E-01   0.1715E-01   0.2565E-01   0.3341E-01   0.5155E-01   0.7036E-01   0.1096E+00   0.1465E+00   0.2236E+00   0.5132E+00   0.5621E+00   0.6325E+00   0.6557E+00   0.6835E+00   0.6961E+00   0.7092E+00   0.7165E+00   0.7234E+00   0.7278E+00   0.7318E+00   0.7345E+00   0.7370E+00   0.7370E+00   0.7370E+00   0.7370E+00   0.7370E+00   0.7370E+00
0.2630E+03   0.8667E+01   0.9335E-03   0.1172E-02   0.1133E-02   0.1477E-02   0.1435E-02   0.1918E-02   0.1897E-02   0.2581E-02   0.2623E-02   0.3620E-02   0.3809E-02   0.5329E-02   0.5856E-02   0.8327E-02   0.9630E-02   0.1399E-01   0.1715E-01   0.2565E-01   0.3341E-01   0.5155E-01   0.7036E-01   0.1096E+00   0.1465E+00   0.2236E+00   0.5132E+00   0.5621E+00   0.6326E+00   0.6557E+00   0.6835E+00   0.6961E+00   0.7093E+00   0.7165E+00   0.7235E+00   0.7278E+00   0.7318E+00   0.7346E+00   0.7346E+00   0.7346E+00   0.7346E+00   0.7346E+00   0.7346E+00
0.2640E+03   0.9000E+01   0.9348E-03   0.9078E-03   0.1159E-02   0.1114E-02   0.1466E-02   0.1422E-02   0.1910E-02   0.1888E-02   0.2576E-02   0.2617E-02   0.3615E-02   0.3806E-02   0.5326E-02   0.5854E-02   0.8326E-02   0.9629E-02   0.1399E-01   0.1715E-01   0.2565E-01   0.3342E-01   0.5155E-01   0.7037E-01   0.1096E+00   0.1466E+00   0.2236E+00   0.5133E+00   0.5621E+00   0.6326E+00   0.6557E+00   0.6835E+00   0.6961E+00   0.7093E+00   0.7165E+00   0.7235E+00   0.7278E+00   0.7319E+00   0.7319E+00   0.7319E+00   0.7319E+00   0.7319E+00   0.7319E+00
0.2650E+03   0.9333E+01   0.7425E-03   0.9260E-03   0.8881E-03   0.1148E-02   0.1100E-02   0.1457E-02   0.1412E-02   0.1904E-02   0.1882E-02   0.2571E-02   0.2613E-02   0.3612E-02   0.3802E-02   0.5324E-02   0.5852E-02   0.8323E-02   0.9628E-02   0.1399E-01   0.1715E-01   0.2565E-01   0.3342E-01   0.5156E-01   0.7038E-01   0.1096E+00   0.1466E+00   0.2237E+00   0.5133E+00   0.5622E+00   0.6326E+00   0.6558E+00   0.6836E+00   0.6962E+00   0.7093E+00   0.7165E+00   0.7235E+00   0.7279E+00   0.7279E+00   0.7279E+00   0.7279E+00   0.7279E+00   0.7279E+00
0.2660E+03   0.9667E+01   0.7487E-03   0.7239E-03   0.9170E-03   0.8736E-03   0.1140E-02   0.1090E-02   0.1451E-02   0.1405E-02   0.1899E-02   0.1877E-02   0.2567E-02   0.2609E-02   0.3609E-02   0.3800E-02   0.5321E-02   0.5850E-02   0.8321E-02   0.9626E-02   0.1399E-01   0.1715E-01   0.2564E-01   0.3342E-01   0.5156E-01   0.7038E-01   0.1096E+00   0.1466E+00   0.2237E+00   0.5133E+00   0.5622E+00   0.6326E+00   0.6558E+00   0.6836E+00   0.6962E+00   0.7093E+00   0.7165E+00   0.7235E+00   0.7235E+00   0.7235E+00   0.7235E+00   0.7235E+00   0.7235E+00
0.2670E+03   0.1000E+02   0.5999E-03   0.7432E-03   0.7094E-03   0.9093E-03   0.8630E-03   0.1133E-02   0.1082E-02   0.1446E-02   0.1400E-02   0.1895E-02   0.1873E-02   0.2564E-02   0.2606E-02   0.3606E-02   0.3797E-02   0.5318E-02   0.5847E-02   0.8318E-02   0.9624E-02   0.1399E-01   0.1715E-01   0.2564E-01   0.3342E-01   0.5156E-01   0.7038E-01   0.1096E+00   0.1466E+00   0.2237E+00   0.5134E+00   0.5622E+00   0.6327E+00   0.6558E+00   0.6836E+00   0.6962E+00   0.7093E+00   0.7166E+00   0.7166E+00   0.7166E+00   0.7166E+00   0.7166E+00   0.7166E+00
0.2680E+03   0.1033E+02   0.6075E-03   0.5864E-03   0.7369E-03   0.6985E-03   0.9030E-03   0.8552E-03   0.1128E-02   0.1077E-02   0.1442E-02   0.1396E-02   0.1891E-02   0.1870E-02   0.2561E-02   0.2603E-02   0.3602E-02   0.3795E-02   0.5314E-02   0.5845E-02   0.8314E-02   0.9622E-02   0.1398E-01   0.1715E-01   0.2564E-01   0.3342E-01   0.5155E-01   0.7038E-01   0.1097E+00   0.1466E+00   0.2237E+00   0.5134E+00   0.5622E+00   0.6327E+00   0.6558E+00   0.6836E+00   0.6962E+00   0.7094E+00   0.7094E+00   0.7094E+00   0.7094E+00   0.7094E+00   0.7094E+00
0.2690E+03   0.1067E+02   0.4911E-03   0.6041E-03   0.5756E-03   0.7312E-03   0.6905E-03   0.8980E-03   0.8493E-03   0.1124E-02   0.1072E-02   0.1438E-02   0.1392E-02   0.1888E-02   0.1867E-02   0.2557E-02   0.2600E-02   0.3599E-02   0.3792E-02   0.5310E-02   0.5842E-02   0.8310E-02   0.9619E-02   0.1398E-01   0.1715E-01   0.2563E-01   0.3342E-01   0.5155E-01   0.7039E-01   0.1096E+00   0.1466E+00   0.2237E+00   0.5134E+00   0.5622E+00   0.6327E+00   0.6558E+00   0.6836E+00   0.6964E+00   0.6964E+00   0.6964E+00   0.6964E+00   0.6964E+00   0.6964E+00
0.2700E+03   0.1100E+02   0.4982E-03   0.4812E-03   0.5996E-03   0.5674E-03   0.7264E-03   0.6843E-03   0.8937E-03   0.8447E-03   0.1120E-02   0.1068E-02   0.1434E-02   0.1389E-02   0.1884E-02   0.1864E-02   0.2553E-02   0.2598E-02   0.3595E-02   0.3789E-02   0.5306E-02   0.5839E-02   0.8305E-02   0.9617E-02   0.1397E-01   0.1714E-01   0.2563E-01   0.3342E-01   0.5155E-01   0.7038E-01   0.1096E+00   0.1466E+00   0.2237E+00   0.5134E+00   0.5622E+00   0.6327E+00   0.6559E+00   0.6837E+00   0.6837E+00   0.6837E+00   0.6837E+00   0.6837E+00   0.6837E+00
0.2710E+03   0.1133E+02   0.4065E-03   0.4961E-03   0.4731E-03   0.5952E-03   0.5611E-03   0.7221E-03   0.6795E-03   0.8899E-03   0.8409E-03   0.1116E-02   0.1065E-02   0.1431E-02   0.1386E-02   0.1880E-02   0.1861E-02   0.2549E-02   0.2595E-02   0.3590E-02   0.3786E-02   0.5301E-02   0.5836E-02   0.8300E-02   0.9614E-02   0.1397E-01   0.1714E-01   0.2562E-01   0.3341E-01   0.5154E-01   0.7038E-01   0.1096E+00   0.1466E+00   0.2237E+00   0.5134E+00   0.5623E+00   0.6328E+00   0.6562E+00   0.6562E+00   0.6562E+00   0.6562E+00   0.6562E+00   0.6562E+00
0.2720E+03   0.1167E+02   0.4123E-03   0.3992E-03   0.4928E-03   0.4668E-03   0.5912E-03   0.5561E-03   0.7183E-03   0.6756E-03   0.8862E-03   0.8375E-03   0.1113E-02   0.1062E-02   0.1427E-02   0.1383E-02   0.1876E-02   0.1858E-02   0.2545E-02   0.2592E-02   0.3585E-02   0.3783E-02   0.5296E-02   0.5833E-02   0.8294E-02   0.9610E-02   0.1396E-01   0.1714E-01   0.2562E-01   0.3341E-01   0.5154E-01   0.7038E-01   0.1097E+00   0.1466E+00   0.2237E+00   0.5134E+00   0.5624E+00   0.6328E+00   0.6328E+00   0.6328E+00   0.6328E+00   0.6328E+00   0.6328E+00
0.2730E+03   0.1200E+02   0.3396E-03   0.4109E-03   0.3930E-03   0.4892E-03   0.4617E-03   0.5875E-03   0.5521E-03   0.7146E-03   0.6721E-03   0.8824E-03   0.8344E-03   0.1109E-02   0.1059E-02   0.1423E-02   0.1380E-02   0.1872E-02   0.1855E-02   0.2539E-02   0.2588E-02   0.3580E-02   0.3779E-02   0.5290E-02   0.5829E-02   0.8288E-02   0.9606E-02   0.1396E-01   0.1713E-01   0.2562E-01   0.3340E-01   0.5155E-01   0.7036E-01   0.1097E+00   0.1465E+00   0.2238E+00   0.5135E+00   0.5632E+00   0.5632E+00   0.5632E+00   0.5632E+00   0.5632E+00   0.5632E+00
0.2740E+03   0.1233E+02   0.3437E-03   0.3342E-03   0.4082E-03   0.3880E-03   0.4855E-03   0.4576E-03   0.5837E-03   0.5486E-03   0.7107E-03   0.6691E-03   0.8783E-03   0.8315E-03   0.1104E-02   0.1056E-02   0.1418E-02   0.1377E-02   0.1866E-02   0.1852E-02   0.2534E-02   0.2586E-02   0.3573E-02   0.3777E-02   0.5283E-02   0.5827E-02   0.8282E-02   0.9604E-02   0.1395E-01   0.1713E-01   0.2562E-01   0.3340E-01   0.5157E-01   0.7035E-01   0.1098E+00   0.1465E+00   0.2241E+00   0.5135E+00   0.5135E+00   0.5135E+00   0.5135E+00   0.5135E+00   0.5135E+00
0.2370E+03   0.1267E+02   0.2861E-03   0.3425E-03   0.3295E-03   0.4047E-03   0.3840E-03   0.4816E-03   0.4543E-03   0.5795E-03   0.5457E-03   0.7062E-03   0.6665E-03   0.8734E-03   0.8291E-03   0.1099E-02   0.1054E-02   0.1411E-02   0.1375E-02   0.1859E-02   0.1850E-02   0.2526E-02   0.2584E-02   0.3565E-02   0.3777E-02   0.5275E-02   0.5828E-02   0.8275E-02   0.9609E-02   0.1395E-01   0.1714E-01   0.2564E-01   0.3343E-01   0.5165E-01   0.7045E-01   0.1101E+00   0.1466E+00   0.2268E+00   0.2268E+00   0.2268E+00   0.2268E+00   0.2268E+00   0.2268E+00
0.1184E+04   0.1293E+02   0.2924E-03   0.2882E-03   0.3448E-03   0.3331E-03   0.4070E-03   0.3900E-03   0.4849E-03   0.4631E-03   0.5844E-03   0.5582E-03   0.7134E-03   0.6837E-03   0.8841E-03   0.8532E-03   0.1115E-02   0.1088E-02   0.1436E-02   0.1424E-02   0.1899E-02   0.1924E-02   0.2590E-02   0.2700E-02   0.3674E-02   0.3966E-02   0.5470E-02   0.6158E-02   0.8646E-02   0.1023E-01   0.1471E-01   0.1840E-01   0.2730E-01   0.3622E-01   0.5546E-01   0.7664E-01   0.1181E+00   0.1586E+00   0.1586E+00   0.1586E+00   0.1586E+00   0.1586E+00   0.1586E+00
0.1185E+04   0.1323E+02   0.2505E-03   0.2932E-03   0.2879E-03   0.3439E-03   0.3338E-03   0.4060E-03   0.3922E-03   0.4842E-03   0.4671E-03   0.5843E-03   0.5643E-03   0.7142E-03   0.6926E-03   0.8862E-03   0.8660E-03   0.1120E-02   0.1107E-02   0.1445E-02   0.1452E-02   0.1914E-02   0.1967E-02   0.2618E-02   0.2767E-02   0.3726E-02   0.4076E-02   0.5567E-02   0.6351E-02   0.8837E-02   0.1059E-01   0.1511E-01   0.1914E-01   0.2820E-01   0.3784E-01   0.5754E-01   0.8024E-01   0.1223E+00   0.1223E+00   0.1223E+00   0.1223E+00   0.1223E+00   0.1223E+00
0.1186E+04   0.1356E+02   0.2479E-03   0.2476E-03   0.2902E-03   0.2847E-03   0.3398E-03   0.3310E-03   0.4014E-03   0.3897E-03   0.4791E-03   0.4649E-03   0.5784E-03   0.5624E-03   0.7076E-03   0.6911E-03   0.8787E-03   0.8651E-03   0.1111E-02   0.1107E-02   0.1435E-02   0.1454E-02   0.1903E-02   0.1970E-02   0.2605E-02   0.2773E-02   0.3709E-02   0.4087E-02   0.5545E-02   0.6369E-02   0.8806E-02   0.1062E-01   0.1506E-01   0.1919E-01   0.2812E-01   0.3793E-01   0.5744E-01   0.8075E-01   0.8075E-01   0.8075E-01   0.8075E-01   0.8075E-01   0.8075E-01
0.1187E+04   0.1393E+02   0.2115E-03   0.2441E-03   0.2416E-03   0.2839E-03   0.2781E-03   0.3323E-03   0.3238E-03   0.3925E-03   0.3817E-03   0.4687E-03   0.4557E-03   0.5660E-03   0.5516E-03   0.6926E-03   0.6781E-03   0.8602E-03   0.8490E-03   0.1087E-02   0.1086E-02   0.1404E-02   0.1425E-02   0.1860E-02   0.1930E-02   0.2543E-02   0.2711E-02   0.3614E-02   0.3986E-02   0.5388E-02   0.6190E-02   0.8524E-02   0.1027E-01   0.1451E-01   0.1847E-01   0.2695E-01   0.3631E-01   0.5493E-01   0.5493E-01   0.5493E-01   0.5493E-01   0.5493E-01   0.5493E-01
0.1188E+04   0.1435E+02   0.2039E-03   0.2040E-03   0.2365E-03   0.2325E-03   0.2743E-03   0.2677E-03   0.3208E-03   0.3118E-03   0.3790E-03   0.3677E-03   0.4524E-03   0.4390E-03   0.5464E-03   0.5312E-03   0.6683E-03   0.6529E-03   0.8296E-03   0.8167E-03   0.1048E-02   0.1043E-02   0.1350E-02   0.1366E-02   0.1785E-02   0.1844E-02   0.2431E-02   0.2580E-02   0.3438E-02   0.3772E-02   0.5093E-02   0.5814E-02   0.7991E-02   0.9560E-02   0.1346E-01   0.1699E-01   0.2472E-01   0.3317E-01   0.3317E-01   0.3317E-01   0.3317E-01   0.3317E-01   0.3317E-01
0.1189E+04   0.1482E+02   0.1712E-03   0.1961E-03   0.1934E-03   0.2256E-03   0.2199E-03   0.2611E-03   0.2530E-03   0.3051E-03   0.2946E-03   0.3602E-03   0.3472E-03   0.4299E-03   0.4143E-03   0.5190E-03   0.5011E-03   0.6345E-03   0.6152E-03   0.7867E-03   0.7684E-03   0.9916E-03   0.9791E-03   0.1275E-02   0.1278E-02   0.1677E-02   0.1716E-02   0.2272E-02   0.2385E-02   0.3188E-02   0.3455E-02   0.4675E-02   0.5264E-02   0.7240E-02   0.8530E-02   0.1200E-01   0.1490E-01   0.2165E-01   0.2165E-01   0.2165E-01   0.2165E-01   0.2165E-01   0.2165E-01
0.1190E+04   0.1535E+02   0.1614E-03   0.1600E-03   0.1846E-03   0.1795E-03   0.2112E-03   0.2035E-03   0.2439E-03   0.2337E-03   0.2847E-03   0.2718E-03   0.3360E-03   0.3201E-03   0.4009E-03   0.3817E-03   0.4839E-03   0.4613E-03   0.5912E-03   0.5656E-03   0.7320E-03   0.7049E-03   0.9206E-03   0.8953E-03   0.1179E-02   0.1163E-02   0.1543E-02   0.1551E-02   0.2074E-02   0.2135E-02   0.2880E-02   0.3057E-02   0.4165E-02   0.4586E-02   0.6337E-02   0.7284E-02   0.1028E-01   0.1249E-01   0.1249E-01   0.1249E-01   0.1249E-01   0.1249E-01   0.1249E-01
0.1191E+04   0.1594E+02   0.1319E-03   0.1504E-03   0.1457E-03   0.1698E-03   0.1621E-03   0.1933E-03   0.1830E-03   0.2226E-03   0.2096E-03   0.2595E-03   0.2433E-03   0.3062E-03   0.2863E-03   0.3655E-03   0.3413E-03   0.4413E-03   0.4123E-03   0.5391E-03   0.5050E-03   0.6669E-03   0.6280E-03   0.8367E-03   0.7948E-03   0.1067E-02   0.1026E-02   0.1388E-02   0.1358E-02   0.1848E-02   0.1849E-02   0.2534E-02   0.2608E-02   0.3604E-02   0.3837E-02   0.5367E-02   0.5949E-02   0.8469E-02   0.8469E-02   0.8469E-02   0.8469E-02   0.8469E-02   0.8469E-02
0.1192E+04   0.1660E+02   0.1222E-03   0.1180E-03   0.1359E-03   0.1281E-03   0.1516E-03   0.1410E-03   0.1714E-03   0.1581E-03   0.1968E-03   0.1803E-03   0.2293E-03   0.2089E-03   0.2708E-03   0.2459E-03   0.3238E-03   0.2933E-03   0.3918E-03   0.3547E-03   0.4793E-03   0.4347E-03   0.5931E-03   0.5402E-03   0.7432E-03   0.6817E-03   0.9444E-03   0.8756E-03   0.1220E-02   0.1149E-02   0.1610E-02   0.1545E-02   0.2177E-02   0.2142E-02   0.3039E-02   0.3080E-02   0.4419E-02   0.4677E-02   0.4677E-02   0.4677E-02   0.4677E-02   0.4677E-02   0.4677E-02
0.1193E+04   0.1735E+02   0.9624E-04   0.1090E-03   0.1009E-03   0.1181E-03   0.1069E-03   0.1297E-03   0.1157E-03   0.1453E-03   0.1282E-03   0.1662E-03   0.1454E-03   0.1938E-03   0.1684E-03   0.2296E-03   0.1986E-03   0.2760E-03   0.2381E-03   0.3357E-03   0.2893E-03   0.4128E-03   0.3561E-03   0.5128E-03   0.4438E-03   0.6434E-03   0.5601E-03   0.8167E-03   0.7171E-03   0.1050E-02   0.9337E-03   0.1373E-02   0.1240E-02   0.1833E-02   0.1689E-02   0.2512E-02   0.2370E-02   0.3551E-02   0.3551E-02   0.3551E-02   0.3551E-02   0.3551E-02   0.3551E-02
0.1194E+04   0.1818E+02   0.8872E-04   0.8056E-04   0.9217E-04   0.8013E-04   0.9635E-04   0.8135E-04   0.1033E-03   0.8522E-04   0.1141E-03   0.9250E-04   0.1299E-03   0.1040E-03   0.1521E-03   0.1208E-03   0.1819E-03   0.1439E-03   0.2215E-03   0.1750E-03   0.2732E-03   0.2162E-03   0.3402E-03   0.2701E-03   0.4272E-03   0.3407E-03   0.5402E-03   0.4335E-03   0.6885E-03   0.5566E-03   0.8855E-03   0.7227E-03   0.1152E-02   0.9508E-03   0.1522E-02   0.1272E-02   0.2054E-02   0.1764E-02   0.1764E-02   0.1764E-02   0.1764E-02   0.1764E-02   0.1764E-02
0.1195E+04   0.1912E+02   0.6771E-04   0.7426E-04   0.6115E-04   0.7127E-04   0.5480E-04   0.6969E-04   0.5017E-04   0.7096E-04   0.4807E-04   0.7610E-04   0.4918E-04   0.8614E-04   0.5424E-04   0.1022E-03   0.6409E-04   0.1258E-03   0.7971E-04   0.1584E-03   0.1023E-03   0.2023E-03   0.1335E-03   0.2602E-03   0.1753E-03   0.3358E-03   0.2304E-03   0.4340E-03   0.3024E-03   0.5620E-03   0.3966E-03   0.7299E-03   0.5204E-03   0.9533E-03   0.6843E-03   0.1257E-02   0.9046E-03   0.1667E-02   0.1667E-02   0.1667E-02   0.1667E-02   0.1667E-02   0.1667E-02
0.1196E+04   0.2017E+02   0.6559E-04   0.5127E-04   0.5530E-04   0.3662E-04   0.4453E-04   0.2263E-04   0.3557E-04   0.1042E-04   0.2961E-04   0.7267E-06   0.2762E-04   -.5815E-05   0.3058E-04   -.8538E-05   0.3961E-04   -.6703E-05   0.5599E-04   0.5385E-06   0.8129E-04   0.1418E-04   0.1175E-03   0.3543E-04   0.1669E-03   0.6575E-04   0.2328E-03   0.1070E-03   0.3194E-03   0.1614E-03   0.4324E-03   0.2321E-03   0.5801E-03   0.3226E-03   0.7749E-03   0.4370E-03   0.1036E-02   0.6012E-03   0.6012E-03   0.6012E-03   0.6012E-03   0.6012E-03   0.6012E-03
0.1197E+04   0.2135E+02   0.5366E-04   0.5119E-04   0.2917E-04   0.2926E-04   0.3405E-05   0.7701E-05   -.2143E-04   -.1170E-04   -.4434E-04   -.2787E-04   -.6467E-04   -.3985E-04   -.8179E-04   -.4668E-04   -.9510E-04   -.4727E-04   -.1039E-03   -.4033E-04   -.1075E-03   -.2436E-04   -.1049E-03   0.2508E-05   -.9537E-04   0.4259E-04   -.7762E-04   0.9884E-04   -.5043E-04   0.1752E-03   -.1237E-04   0.2768E-03   0.3802E-04   0.4114E-03   0.1018E-03   0.5906E-03   0.1792E-03   0.8159E-03   0.8159E-03   0.8159E-03   0.8159E-03   0.8159E-03   0.8159E-03
0.1183E+04   0.2267E+02   0.6544E-04   0.3841E-04   0.2857E-04   -.4098E-05   -.1091E-04   -.4727E-04   -.4948E-04   -.8931E-04   -.8562E-04   -.1294E-03   -.1184E-03   -.1669E-03   -.1468E-03   -.2013E-03   -.1701E-03   -.2321E-03   -.1871E-03   -.2587E-03   -.1967E-03   -.2806E-03   -.1974E-03   -.2971E-03   -.1875E-03   -.3075E-03   -.1646E-03   -.3109E-03   -.1260E-03   -.3066E-03   -.6755E-04   -.2937E-03   0.1607E-04   -.2718E-03   0.1331E-03   -.2415E-03   0.2963E-03   -.1851E-03   -.1851E-03   -.1851E-03   -.1851E-03   -.1851E-03   -.1851E-03
