0.2350E+03   0.0000E+00   -.1885E+00   -.4241E+00   -.2974E+00   -.3978E+00   -.3499E+00   -.3952E+00   -.3752E+00   -.3979E+00   -.3886E+00   -.4012E+00   -.3964E+00   -.4039E+00   -.4013E+00   -.4060E+00   -.4045E+00   -.4076E+00   -.4068E+00   -.4088E+00   -.4083E+00   -.4098E+00   -.4095E+00   -.4105E+00   -.4104E+00   -.4111E+00   -.4111E+00   -.4116E+00   -.4116E+00   -.4120E+00   -.4121E+00   -.4124E+00   -.4124E+00   -.4127E+00   -.4127E+00   -.4129E+00   -.4130E+00   -.4131E+00   -.4131E+00   -.4131E+00   -.4131E+00   -.4131E+00   -.4131E+00
0.2380E+03   0.3333E+00   -.4731E+00   -.2408E+00   -.4113E+00   -.3233E+00   -.3965E+00   -.3625E+00   -.3966E+00   -.3819E+00   -.3996E+00   -.3925E+00   -.4025E+00   -.3989E+00   -.4049E+00   -.4029E+00   -.4068E+00   -.4056E+00   -.4082E+00   -.4076E+00   -.4093E+00   -.4089E+00   -.4102E+00   -.4100E+00   -.4108E+00   -.4108E+00   -.4114E+00   -.4114E+00   -.4118E+00   -.4119E+00   -.4122E+00   -.4123E+00   -.4125E+00   -.4126E+00   -.4128E+00   -.4128E+00   -.4130E+00   -.4131E+00   -.4131E+00   -.4131E+00   -.4131E+00   -.4131E+00   -.4131E+00
0.2390E+03   0.6667E+00   -.3644E+00   -.4635E+00   -.2649E+00   -.4104E+00   -.3356E+00   -.3979E+00   -.3691E+00   -.3982E+00   -.3858E+00   -.4009E+00   -.3950E+00   -.4036E+00   -.4005E+00   -.4057E+00   -.4040E+00   -.4074E+00   -.4064E+00   -.4087E+00   -.4081E+00   -.4097E+00   -.4094E+00   -.4105E+00   -.4103E+00   -.4111E+00   -.4110E+00   -.4116E+00   -.4116E+00   -.4120E+00   -.4120E+00   -.4123E+00   -.4124E+00   -.4126E+00   -.4127E+00   -.4129E+00   -.4129E+00   -.4131E+00   -.4131E+00   -.4131E+00   -.4131E+00   -.4131E+00   -.4131E+00
0.2400E+03   0.1000E+01   -.4528E+01   -.3886E+00   -.4640E+00   -.2763E+00   -.4120E+00   -.3421E+00   -.3996E+00   -.3730E+00   -.3996E+00   -.3882E+00   -.4020E+00   -.3966E+00   -.4044E+00   -.4016E+00   -.4064E+00   -.4048E+00   -.4079E+00   -.4070E+00   -.4091E+00   -.4086E+00   -.4100E+00   -.4097E+00   -.4107E+00   -.4106E+00   -.4113E+00   -.4112E+00   -.4118E+00   -.4118E+00   -.4121E+00   -.4122E+00   -.4125E+00   -.4125E+00   -.4127E+00   -.4128E+00   -.4130E+00   -.4130E+00   -.4130E+00   -.4130E+00   -.4130E+00   -.4130E+00   -.4130E+00
0.2410E+03   0.1333E+01   -.4950E+01   -.4641E+01   -.4004E+00   -.4663E+00   -.2823E+00   -.4137E+00   -.3458E+00   -.4009E+00   -.3753E+00   -.4006E+00   -.3898E+00   -.4028E+00   -.3977E+00   -.4050E+00   -.4024E+00   -.4068E+00   -.4054E+00   -.4083E+00   -.4075E+00   -.4094E+00   -.4089E+00   -.4102E+00   -.4100E+00   -.4109E+00   -.4108E+00   -.4115E+00   -.4114E+00   -.4119E+00   -.4119E+00   -.4123E+00   -.4123E+00   -.4126E+00   -.4126E+00   -.4128E+00   -.4129E+00   -.4130E+00   -.4130E+00   -.4130E+00   -.4130E+00   -.4130E+00   -.4130E+00
0.2420E+03   0.1667E+01   -.4735E+01   -.5060E+01   -.4709E+01   -.4068E+00   -.4686E+00   -.2857E+00   -.4151E+00   -.3482E+00   -.4020E+00   -.3769E+00   -.4014E+00   -.3909E+00   -.4034E+00   -.3984E+00   -.4055E+00   -.4030E+00   -.4072E+00   -.4059E+00   -.4086E+00   -.4078E+00   -.4096E+00   -.4092E+00   -.4104E+00   -.4102E+00   -.4111E+00   -.4110E+00   -.4116E+00   -.4116E+00   -.4120E+00   -.4120E+00   -.4124E+00   -.4124E+00   -.4127E+00   -.4127E+00   -.4129E+00   -.4130E+00   -.4130E+00   -.4130E+00   -.4130E+00   -.4130E+00   -.4130E+00
0.2430E+03   0.2000E+01   -.4972E+01   -.4805E+01   -.5125E+01   -.4750E+01   -.4106E+00   -.4703E+00   -.2878E+00   -.4162E+00   -.3497E+00   -.4028E+00   -.3780E+00   -.4020E+00   -.3917E+00   -.4038E+00   -.3990E+00   -.4058E+00   -.4034E+00   -.4075E+00   -.4062E+00   -.4088E+00   -.4081E+00   -.4098E+00   -.4094E+00   -.4106E+00   -.4104E+00   -.4112E+00   -.4111E+00   -.4117E+00   -.4117E+00   -.4121E+00   -.4121E+00   -.4125E+00   -.4125E+00   -.4127E+00   -.4128E+00   -.4130E+00   -.4130E+00   -.4130E+00   -.4130E+00   -.4130E+00   -.4130E+00
0.2440E+03   0.2333E+01   -.4999E+01   -.5029E+01   -.4849E+01   -.5165E+01   -.4777E+01   -.4129E+00   -.4717E+00   -.2892E+00   -.4171E+00   -.3507E+00   -.4034E+00   -.3788E+00   -.4025E+00   -.3922E+00   -.4042E+00   -.3995E+00   -.4062E+00   -.4037E+00   -.4078E+00   -.4065E+00   -.4090E+00   -.4083E+00   -.4100E+00   -.4096E+00   -.4107E+00   -.4105E+00   -.4113E+00   -.4112E+00   -.4118E+00   -.4118E+00   -.4122E+00   -.4122E+00   -.4125E+00   -.4126E+00   -.4128E+00   -.4129E+00   -.4129E+00   -.4129E+00   -.4129E+00   -.4129E+00   -.4129E+00
0.2450E+03   0.2667E+01   -.5070E+01   -.5040E+01   -.5066E+01   -.4877E+01   -.5192E+01   -.4796E+01   -.4145E+00   -.4726E+00   -.2901E+00   -.4177E+00   -.3515E+00   -.4039E+00   -.3794E+00   -.4029E+00   -.3927E+00   -.4045E+00   -.3998E+00   -.4064E+00   -.4040E+00   -.4080E+00   -.4067E+00   -.4092E+00   -.4085E+00   -.4101E+00   -.4097E+00   -.4109E+00   -.4107E+00   -.4114E+00   -.4113E+00   -.4119E+00   -.4119E+00   -.4123E+00   -.4123E+00   -.4126E+00   -.4126E+00   -.4129E+00   -.4129E+00   -.4129E+00   -.4129E+00   -.4129E+00   -.4129E+00
0.2460E+03   0.3000E+01   -.5051E+01   -.5104E+01   -.5067E+01   -.5090E+01   -.4897E+01   -.5210E+01   -.4809E+01   -.4156E+00   -.4734E+00   -.2908E+00   -.4182E+00   -.3520E+00   -.4043E+00   -.3798E+00   -.4032E+00   -.3930E+00   -.4048E+00   -.4001E+00   -.4066E+00   -.4042E+00   -.4081E+00   -.4069E+00   -.4093E+00   -.4086E+00   -.4103E+00   -.4099E+00   -.4110E+00   -.4108E+00   -.4115E+00   -.4114E+00   -.4120E+00   -.4120E+00   -.4124E+00   -.4124E+00   -.4127E+00   -.4127E+00   -.4127E+00   -.4127E+00   -.4127E+00   -.4127E+00   -.4127E+00
0.2470E+03   0.3333E+01   -.5070E+01   -.5075E+01   -.5127E+01   -.5085E+01   -.5107E+01   -.4910E+01   -.5222E+01   -.4818E+01   -.4164E+00   -.4740E+00   -.2913E+00   -.4186E+00   -.3524E+00   -.4046E+00   -.3801E+00   -.4034E+00   -.3933E+00   -.4050E+00   -.4003E+00   -.4068E+00   -.4044E+00   -.4083E+00   -.4070E+00   -.4095E+00   -.4088E+00   -.4104E+00   -.4100E+00   -.4111E+00   -.4109E+00   -.4116E+00   -.4115E+00   -.4121E+00   -.4120E+00   -.4124E+00   -.4124E+00   -.4127E+00   -.4127E+00   -.4127E+00   -.4127E+00   -.4127E+00   -.4127E+00
0.2480E+03   0.3667E+01   -.5046E+01   -.5091E+01   -.5092E+01   -.5143E+01   -.5099E+01   -.5119E+01   -.4920E+01   -.5231E+01   -.4825E+01   -.4170E+00   -.4744E+00   -.2916E+00   -.4189E+00   -.3528E+00   -.4048E+00   -.3804E+00   -.4036E+00   -.3935E+00   -.4051E+00   -.4005E+00   -.4069E+00   -.4046E+00   -.4084E+00   -.4071E+00   -.4096E+00   -.4089E+00   -.4105E+00   -.4101E+00   -.4111E+00   -.4109E+00   -.4117E+00   -.4116E+00   -.4121E+00   -.4121E+00   -.4125E+00   -.4125E+00   -.4125E+00   -.4125E+00   -.4125E+00   -.4125E+00   -.4125E+00
0.2490E+03   0.4000E+01   -.5053E+01   -.5061E+01   -.5106E+01   -.5104E+01   -.5155E+01   -.5108E+01   -.5128E+01   -.4927E+01   -.5238E+01   -.4830E+01   -.4174E+00   -.4748E+00   -.2919E+00   -.4192E+00   -.3530E+00   -.4050E+00   -.3806E+00   -.4038E+00   -.3937E+00   -.4053E+00   -.4006E+00   -.4070E+00   -.4047E+00   -.4085E+00   -.4072E+00   -.4096E+00   -.4089E+00   -.4105E+00   -.4101E+00   -.4112E+00   -.4110E+00   -.4117E+00   -.4116E+00   -.4122E+00   -.4121E+00   -.4125E+00   -.4125E+00   -.4125E+00   -.4125E+00   -.4125E+00   -.4125E+00
0.2500E+03   0.4333E+01   -.5034E+01   -.5067E+01   -.5072E+01   -.5117E+01   -.5114E+01   -.5163E+01   -.5116E+01   -.5134E+01   -.4932E+01   -.5243E+01   -.4834E+01   -.4177E+00   -.4751E+00   -.2921E+00   -.4194E+00   -.3532E+00   -.4052E+00   -.3808E+00   -.4039E+00   -.3938E+00   -.4054E+00   -.4007E+00   -.4071E+00   -.4048E+00   -.4086E+00   -.4073E+00   -.4097E+00   -.4090E+00   -.4106E+00   -.4102E+00   -.4113E+00   -.4110E+00   -.4118E+00   -.4117E+00   -.4122E+00   -.4122E+00   -.4122E+00   -.4122E+00   -.4122E+00   -.4122E+00   -.4122E+00
0.2510E+03   0.4667E+01   -.5039E+01   -.5044E+01   -.5077E+01   -.5081E+01   -.5125E+01   -.5120E+01   -.5170E+01   -.5121E+01   -.5139E+01   -.4937E+01   -.5248E+01   -.4837E+01   -.4180E+00   -.4753E+00   -.2923E+00   -.4196E+00   -.3534E+00   -.4053E+00   -.3809E+00   -.4041E+00   -.3939E+00   -.4055E+00   -.4008E+00   -.4072E+00   -.4049E+00   -.4087E+00   -.4074E+00   -.4098E+00   -.4091E+00   -.4107E+00   -.4102E+00   -.4113E+00   -.4111E+00   -.4118E+00   -.4117E+00   -.4122E+00   -.4122E+00   -.4122E+00   -.4122E+00   -.4122E+00   -.4122E+00
0.2520E+03   0.5000E+01   -.5025E+01   -.5048E+01   -.5052E+01   -.5085E+01   -.5087E+01   -.5131E+01   -.5126E+01   -.5175E+01   -.5125E+01   -.5143E+01   -.4940E+01   -.5251E+01   -.4840E+01   -.4182E+00   -.4755E+00   -.2924E+00   -.4197E+00   -.3535E+00   -.4055E+00   -.3810E+00   -.4042E+00   -.3940E+00   -.4056E+00   -.4009E+00   -.4073E+00   -.4049E+00   -.4087E+00   -.4075E+00   -.4099E+00   -.4091E+00   -.4107E+00   -.4103E+00   -.4114E+00   -.4111E+00   -.4119E+00   -.4118E+00   -.4118E+00   -.4118E+00   -.4118E+00   -.4118E+00   -.4118E+00
0.2530E+03   0.5333E+01   -.5028E+01   -.5032E+01   -.5055E+01   -.5058E+01   -.5091E+01   -.5093E+01   -.5136E+01   -.5130E+01   -.5179E+01   -.5129E+01   -.5146E+01   -.4943E+01   -.5254E+01   -.4842E+01   -.4184E+00   -.4757E+00   -.2926E+00   -.4198E+00   -.3536E+00   -.4056E+00   -.3811E+00   -.4042E+00   -.3941E+00   -.4057E+00   -.4010E+00   -.4074E+00   -.4050E+00   -.4088E+00   -.4075E+00   -.4099E+00   -.4092E+00   -.4108E+00   -.4103E+00   -.4114E+00   -.4112E+00   -.4119E+00   -.4119E+00   -.4119E+00   -.4119E+00   -.4119E+00   -.4119E+00
0.2540E+03   0.5667E+01   -.5018E+01   -.5035E+01   -.5038E+01   -.5061E+01   -.5063E+01   -.5096E+01   -.5097E+01   -.5140E+01   -.5134E+01   -.5182E+01   -.5132E+01   -.5149E+01   -.4945E+01   -.5256E+01   -.4844E+01   -.4186E+00   -.4758E+00   -.2927E+00   -.4200E+00   -.3537E+00   -.4057E+00   -.3812E+00   -.4043E+00   -.3942E+00   -.4058E+00   -.4011E+00   -.4074E+00   -.4051E+00   -.4089E+00   -.4076E+00   -.4100E+00   -.4092E+00   -.4108E+00   -.4104E+00   -.4114E+00   -.4112E+00   -.4112E+00   -.4112E+00   -.4112E+00   -.4112E+00   -.4112E+00
0.2550E+03   0.6000E+01   -.5021E+01   -.5023E+01   -.5041E+01   -.5042E+01   -.5066E+01   -.5067E+01   -.5099E+01   -.5100E+01   -.5143E+01   -.5136E+01   -.5185E+01   -.5134E+01   -.5151E+01   -.4947E+01   -.5258E+01   -.4846E+01   -.4187E+00   -.4760E+00   -.2927E+00   -.4201E+00   -.3538E+00   -.4057E+00   -.3813E+00   -.4044E+00   -.3943E+00   -.4058E+00   -.4011E+00   -.4075E+00   -.4051E+00   -.4089E+00   -.4076E+00   -.4100E+00   -.4093E+00   -.4108E+00   -.4104E+00   -.4114E+00   -.4114E+00   -.4114E+00   -.4114E+00   -.4114E+00   -.4114E+00
0.2560E+03   0.6333E+01   -.5014E+01   -.5026E+01   -.5028E+01   -.5045E+01   -.5046E+01   -.5069E+01   -.5070E+01   -.5102E+01   -.5103E+01   -.5146E+01   -.5139E+01   -.5187E+01   -.5136E+01   -.5153E+01   -.4949E+01   -.5259E+01   -.4847E+01   -.4188E+00   -.4761E+00   -.2928E+00   -.4201E+00   -.3539E+00   -.4058E+00   -.3813E+00   -.4045E+00   -.3943E+00   -.4059E+00   -.4012E+00   -.4075E+00   -.4052E+00   -.4089E+00   -.4076E+00   -.4100E+00   -.4093E+00   -.4109E+00   -.4105E+00   -.4105E+00   -.4105E+00   -.4105E+00   -.4105E+00   -.4105E+00
0.2570E+03   0.6667E+01   -.5016E+01   -.5018E+01   -.5030E+01   -.5031E+01   -.5048E+01   -.5049E+01   -.5072E+01   -.5073E+01   -.5105E+01   -.5105E+01   -.5148E+01   -.5141E+01   -.5189E+01   -.5138E+01   -.5154E+01   -.4950E+01   -.5261E+01   -.4848E+01   -.4189E+00   -.4762E+00   -.2929E+00   -.4202E+00   -.3539E+00   -.4059E+00   -.3814E+00   -.4045E+00   -.3944E+00   -.4059E+00   -.4012E+00   -.4076E+00   -.4052E+00   -.4090E+00   -.4077E+00   -.4101E+00   -.4093E+00   -.4109E+00   -.4109E+00   -.4109E+00   -.4109E+00   -.4109E+00   -.4109E+00
0.2580E+03   0.7000E+01   -.5011E+01   -.5020E+01   -.5021E+01   -.5034E+01   -.5034E+01   -.5051E+01   -.5052E+01   -.5075E+01   -.5075E+01   -.5107E+01   -.5107E+01   -.5150E+01   -.5142E+01   -.5190E+01   -.5139E+01   -.5156E+01   -.4951E+01   -.5262E+01   -.4849E+01   -.4189E+00   -.4763E+00   -.2929E+00   -.4203E+00   -.3540E+00   -.4059E+00   -.3814E+00   -.4046E+00   -.3944E+00   -.4060E+00   -.4012E+00   -.4076E+00   -.4052E+00   -.4090E+00   -.4077E+00   -.4101E+00   -.4094E+00   -.4094E+00   -.4094E+00   -.4094E+00   -.4094E+00   -.4094E+00
0.2590E+03   0.7333E+01   -.5013E+01   -.5014E+01   -.5023E+01   -.5024E+01   -.5037E+01   -.5037E+01   -.5054E+01   -.5054E+01   -.5077E+01   -.5077E+01   -.5109E+01   -.5108E+01   -.5151E+01   -.5143E+01   -.5191E+01   -.5140E+01   -.5157E+01   -.4952E+01   -.5263E+01   -.4850E+01   -.4190E+00   -.4763E+00   -.2929E+00   -.4203E+00   -.3540E+00   -.4060E+00   -.3815E+00   -.4046E+00   -.3944E+00   -.4060E+00   -.4013E+00   -.4076E+00   -.4052E+00   -.4090E+00   -.4077E+00   -.4101E+00   -.4101E+00   -.4101E+00   -.4101E+00   -.4101E+00   -.4101E+00
0.2600E+03   0.7667E+01   -.5008E+01   -.5016E+01   -.5016E+01   -.5026E+01   -.5026E+01   -.5039E+01   -.5039E+01   -.5056E+01   -.5055E+01   -.5078E+01   -.5078E+01   -.5110E+01   -.5110E+01   -.5152E+01   -.5145E+01   -.5193E+01   -.5141E+01   -.5158E+01   -.4953E+01   -.5264E+01   -.4850E+01   -.4191E+00   -.4764E+00   -.2930E+00   -.4204E+00   -.3540E+00   -.4060E+00   -.3815E+00   -.4046E+00   -.3945E+00   -.4060E+00   -.4013E+00   -.4077E+00   -.4053E+00   -.4091E+00   -.4078E+00   -.4078E+00   -.4078E+00   -.4078E+00   -.4078E+00   -.4078E+00
0.2610E+03   0.8000E+01   -.5010E+01   -.5011E+01   -.5018E+01   -.5018E+01   -.5028E+01   -.5028E+01   -.5041E+01   -.5040E+01   -.5057E+01   -.5057E+01   -.5080E+01   -.5080E+01   -.5111E+01   -.5111E+01   -.5153E+01   -.5146E+01   -.5193E+01   -.5142E+01   -.5159E+01   -.4954E+01   -.5264E+01   -.4851E+01   -.4191E+00   -.4765E+00   -.2930E+00   -.4204E+00   -.3541E+00   -.4061E+00   -.3815E+00   -.4047E+00   -.3945E+00   -.4061E+00   -.4013E+00   -.4077E+00   -.4053E+00   -.4090E+00   -.4090E+00   -.4090E+00   -.4090E+00   -.4090E+00   -.4090E+00
0.2620E+03   0.8333E+01   -.5007E+01   -.5012E+01   -.5013E+01   -.5020E+01   -.5020E+01   -.5030E+01   -.5030E+01   -.5042E+01   -.5042E+01   -.5059E+01   -.5058E+01   -.5081E+01   -.5081E+01   -.5112E+01   -.5112E+01   -.5154E+01   -.5147E+01   -.5194E+01   -.5143E+01   -.5159E+01   -.4954E+01   -.5265E+01   -.4852E+01   -.4191E+00   -.4765E+00   -.2930E+00   -.4205E+00   -.3541E+00   -.4061E+00   -.3815E+00   -.4047E+00   -.3945E+00   -.4061E+00   -.4013E+00   -.4077E+00   -.4054E+00   -.4054E+00   -.4054E+00   -.4054E+00   -.4054E+00   -.4054E+00
0.2630E+03   0.8667E+01   -.5008E+01   -.5009E+01   -.5015E+01   -.5015E+01   -.5022E+01   -.5022E+01   -.5032E+01   -.5031E+01   -.5044E+01   -.5043E+01   -.5060E+01   -.5059E+01   -.5082E+01   -.5082E+01   -.5113E+01   -.5113E+01   -.5155E+01   -.5147E+01   -.5195E+01   -.5144E+01   -.5160E+01   -.4955E+01   -.5265E+01   -.4852E+01   -.4192E+00   -.4766E+00   -.2930E+00   -.4205E+00   -.3541E+00   -.4061E+00   -.3816E+00   -.4047E+00   -.3945E+00   -.4061E+00   -.4013E+00   -.4076E+00   -.4076E+00   -.4076E+00   -.4076E+00   -.4076E+00   -.4076E+00
0.2640E+03   0.9000E+01   -.5005E+01   -.5010E+01   -.5010E+01   -.5016E+01   -.5016E+01   -.5024E+01   -.5024E+01   -.5033E+01   -.5033E+01   -.5045E+01   -.5044E+01   -.5061E+01   -.5060E+01   -.5083E+01   -.5083E+01   -.5114E+01   -.5113E+01   -.5156E+01   -.5148E+01   -.5196E+01   -.5144E+01   -.5160E+01   -.4955E+01   -.5266E+01   -.4853E+01   -.4192E+00   -.4766E+00   -.2930E+00   -.4205E+00   -.3541E+00   -.4062E+00   -.3816E+00   -.4048E+00   -.3945E+00   -.4061E+00   -.4015E+00   -.4015E+00   -.4015E+00   -.4015E+00   -.4015E+00   -.4015E+00
0.2650E+03   0.9333E+01   -.5007E+01   -.5007E+01   -.5012E+01   -.5012E+01   -.5018E+01   -.5018E+01   -.5025E+01   -.5025E+01   -.5034E+01   -.5034E+01   -.5046E+01   -.5045E+01   -.5062E+01   -.5061E+01   -.5084E+01   -.5083E+01   -.5115E+01   -.5114E+01   -.5156E+01   -.5149E+01   -.5196E+01   -.5145E+01   -.5161E+01   -.4956E+01   -.5266E+01   -.4853E+01   -.4192E+00   -.4767E+00   -.2931E+00   -.4206E+00   -.3541E+00   -.4062E+00   -.3816E+00   -.4048E+00   -.3945E+00   -.4059E+00   -.4059E+00   -.4059E+00   -.4059E+00   -.4059E+00   -.4059E+00
0.2660E+03   0.9667E+01   -.5005E+01   -.5008E+01   -.5009E+01   -.5013E+01   -.5013E+01   -.5019E+01   -.5019E+01   -.5026E+01   -.5026E+01   -.5035E+01   -.5035E+01   -.5047E+01   -.5046E+01   -.5063E+01   -.5062E+01   -.5084E+01   -.5084E+01   -.5115E+01   -.5115E+01   -.5157E+01   -.5149E+01   -.5197E+01   -.5145E+01   -.5161E+01   -.4956E+01   -.5266E+01   -.4853E+01   -.4192E+00   -.4767E+00   -.2931E+00   -.4206E+00   -.3541E+00   -.4062E+00   -.3816E+00   -.4048E+00   -.3949E+00   -.3949E+00   -.3949E+00   -.3949E+00   -.3949E+00   -.3949E+00
0.2670E+03   0.1000E+02   -.5005E+01   -.5006E+01   -.5010E+01   -.5010E+01   -.5015E+01   -.5014E+01   -.5020E+01   -.5020E+01   -.5027E+01   -.5027E+01   -.5036E+01   -.5035E+01   -.5048E+01   -.5047E+01   -.5063E+01   -.5062E+01   -.5085E+01   -.5085E+01   -.5116E+01   -.5115E+01   -.5157E+01   -.5149E+01   -.5197E+01   -.5145E+01   -.5161E+01   -.4957E+01   -.5267E+01   -.4853E+01   -.4192E+00   -.4767E+00   -.2931E+00   -.4206E+00   -.3541E+00   -.4063E+00   -.3816E+00   -.4044E+00   -.4044E+00   -.4044E+00   -.4044E+00   -.4044E+00   -.4044E+00
0.2680E+03   0.1033E+02   -.5004E+01   -.5007E+01   -.5007E+01   -.5011E+01   -.5011E+01   -.5016E+01   -.5016E+01   -.5021E+01   -.5021E+01   -.5028E+01   -.5028E+01   -.5037E+01   -.5036E+01   -.5048E+01   -.5047E+01   -.5064E+01   -.5063E+01   -.5085E+01   -.5085E+01   -.5116E+01   -.5115E+01   -.5158E+01   -.5150E+01   -.5197E+01   -.5146E+01   -.5162E+01   -.4957E+01   -.5267E+01   -.4854E+01   -.4192E+00   -.4768E+00   -.2930E+00   -.4207E+00   -.3541E+00   -.4062E+00   -.3822E+00   -.3822E+00   -.3822E+00   -.3822E+00   -.3822E+00   -.3822E+00
0.2690E+03   0.1067E+02   -.5005E+01   -.5005E+01   -.5008E+01   -.5008E+01   -.5012E+01   -.5012E+01   -.5017E+01   -.5016E+01   -.5022E+01   -.5022E+01   -.5029E+01   -.5028E+01   -.5038E+01   -.5037E+01   -.5049E+01   -.5048E+01   -.5064E+01   -.5063E+01   -.5086E+01   -.5085E+01   -.5117E+01   -.5116E+01   -.5158E+01   -.5150E+01   -.5197E+01   -.5146E+01   -.5162E+01   -.4957E+01   -.5267E+01   -.4854E+01   -.4192E+00   -.4768E+00   -.2930E+00   -.4207E+00   -.3542E+00   -.4054E+00   -.4054E+00   -.4054E+00   -.4054E+00   -.4054E+00   -.4054E+00
0.2700E+03   0.1100E+02   -.5003E+01   -.5006E+01   -.5006E+01   -.5009E+01   -.5009E+01   -.5013E+01   -.5013E+01   -.5018E+01   -.5017E+01   -.5023E+01   -.5022E+01   -.5030E+01   -.5029E+01   -.5038E+01   -.5037E+01   -.5049E+01   -.5048E+01   -.5065E+01   -.5064E+01   -.5086E+01   -.5086E+01   -.5117E+01   -.5116E+01   -.5158E+01   -.5150E+01   -.5198E+01   -.5146E+01   -.5162E+01   -.4957E+01   -.5267E+01   -.4854E+01   -.4192E+00   -.4769E+00   -.2930E+00   -.4206E+00   -.3556E+00   -.3556E+00   -.3556E+00   -.3556E+00   -.3556E+00   -.3556E+00
0.2710E+03   0.1133E+02   -.5004E+01   -.5004E+01   -.5007E+01   -.5007E+01   -.5010E+01   -.5010E+01   -.5014E+01   -.5014E+01   -.5018E+01   -.5018E+01   -.5024E+01   -.5023E+01   -.5030E+01   -.5029E+01   -.5039E+01   -.5038E+01   -.5050E+01   -.5049E+01   -.5065E+01   -.5064E+01   -.5086E+01   -.5086E+01   -.5117E+01   -.5116E+01   -.5158E+01   -.5151E+01   -.5198E+01   -.5146E+01   -.5162E+01   -.4957E+01   -.5267E+01   -.4854E+01   -.4192E+00   -.4769E+00   -.2932E+00   -.4184E+00   -.4184E+00   -.4184E+00   -.4184E+00   -.4184E+00   -.4184E+00
0.2720E+03   0.1167E+02   -.5003E+01   -.5005E+01   -.5005E+01   -.5008E+01   -.5008E+01   -.5011E+01   -.5011E+01   -.5015E+01   -.5014E+01   -.5019E+01   -.5018E+01   -.5024E+01   -.5023E+01   -.5031E+01   -.5030E+01   -.5039E+01   -.5038E+01   -.5050E+01   -.5049E+01   -.5065E+01   -.5064E+01   -.5087E+01   -.5086E+01   -.5117E+01   -.5117E+01   -.5159E+01   -.5151E+01   -.5198E+01   -.5147E+01   -.5162E+01   -.4957E+01   -.5268E+01   -.4854E+01   -.4192E+00   -.4765E+00   -.2968E+00   -.2968E+00   -.2968E+00   -.2968E+00   -.2968E+00   -.2968E+00
0.2730E+03   0.1200E+02   -.5003E+01   -.5004E+01   -.5006E+01   -.5006E+01   -.5009E+01   -.5009E+01   -.5012E+01   -.5012E+01   -.5015E+01   -.5015E+01   -.5019E+01   -.5019E+01   -.5025E+01   -.5024E+01   -.5031E+01   -.5030E+01   -.5039E+01   -.5038E+01   -.5050E+01   -.5049E+01   -.5065E+01   -.5065E+01   -.5087E+01   -.5087E+01   -.5117E+01   -.5117E+01   -.5159E+01   -.5151E+01   -.5198E+01   -.5147E+01   -.5163E+01   -.4957E+01   -.5268E+01   -.4853E+01   -.4189E+00   -.4704E+00   -.4704E+00   -.4704E+00   -.4704E+00   -.4704E+00   -.4704E+00
0.2740E+03   0.1233E+02   -.5003E+01   -.5004E+01   -.5004E+01   -.5007E+01   -.5007E+01   -.5009E+01   -.5009E+01   -.5012E+01   -.5012E+01   -.5016E+01   -.5015E+01   -.5020E+01   -.5019E+01   -.5025E+01   -.5024E+01   -.5031E+01   -.5030E+01   -.5040E+01   -.5038E+01   -.5051E+01   -.5050E+01   -.5066E+01   -.5065E+01   -.5087E+01   -.5087E+01   -.5118E+01   -.5117E+01   -.5159E+01   -.5151E+01   -.5198E+01   -.5147E+01   -.5163E+01   -.4956E+01   -.5269E+01   -.4846E+01   -.4232E+00   -.4232E+00   -.4232E+00   -.4232E+00   -.4232E+00   -.4232E+00
0.2370E+03   0.1267E+02   -.4996E+01   -.5012E+01   -.4995E+01   -.5017E+01   -.4994E+01   -.5023E+01   -.4992E+01   -.5029E+01   -.4991E+01   -.5037E+01   -.4988E+01   -.5047E+01   -.4985E+01   -.5058E+01   -.4982E+01   -.5072E+01   -.4977E+01   -.5091E+01   -.4972E+01   -.5114E+01   -.4965E+01   -.5144E+01   -.4958E+01   -.5184E+01   -.4951E+01   -.5239E+01   -.4943E+01   -.5314E+01   -.4932E+01   -.5413E+01   -.4892E+01   -.5521E+01   -.4708E+01   -.5576E+01   -.4253E+01   -.6398E+01   -.6398E+01   -.6398E+01   -.6398E+01   -.6398E+01   -.6398E+01
0.1184E+04   0.1293E+02   -.5002E+01   -.5004E+01   -.5004E+01   -.5006E+01   -.5006E+01   -.5008E+01   -.5008E+01   -.5010E+01   -.5011E+01   -.5013E+01   -.5013E+01   -.5016E+01   -.5017E+01   -.5020E+01   -.5021E+01   -.5025E+01   -.5026E+01   -.5032E+01   -.5032E+01   -.5040E+01   -.5041E+01   -.5051E+01   -.5053E+01   -.5066E+01   -.5070E+01   -.5087E+01   -.5094E+01   -.5117E+01   -.5128E+01   -.5158E+01   -.5167E+01   -.5195E+01   -.5163E+01   -.5146E+01   -.4934E+01   -.5365E+01   -.5365E+01   -.5365E+01   -.5365E+01   -.5365E+01   -.5365E+01
0.1185E+04   0.1323E+02   -.5002E+01   -.5003E+01   -.5004E+01   -.5005E+01   -.5006E+01   -.5007E+01   -.5008E+01   -.5009E+01   -.5011E+01   -.5011E+01   -.5014E+01   -.5014E+01   -.5017E+01   -.5017E+01   -.5021E+01   -.5021E+01   -.5026E+01   -.5026E+01   -.5032E+01   -.5033E+01   -.5040E+01   -.5042E+01   -.5051E+01   -.5054E+01   -.5066E+01   -.5071E+01   -.5088E+01   -.5096E+01   -.5119E+01   -.5130E+01   -.5160E+01   -.5170E+01   -.5194E+01   -.5162E+01   -.5128E+01   -.4980E+01   -.4980E+01   -.4980E+01   -.4980E+01   -.4980E+01   -.4980E+01
0.1186E+04   0.1356E+02   -.5002E+01   -.5003E+01   -.5004E+01   -.5005E+01   -.5005E+01   -.5007E+01   -.5007E+01   -.5009E+01   -.5009E+01   -.5011E+01   -.5012E+01   -.5014E+01   -.5014E+01   -.5017E+01   -.5018E+01   -.5021E+01   -.5022E+01   -.5026E+01   -.5027E+01   -.5032E+01   -.5033E+01   -.5040E+01   -.5042E+01   -.5051E+01   -.5054E+01   -.5066E+01   -.5072E+01   -.5088E+01   -.5096E+01   -.5119E+01   -.5131E+01   -.5160E+01   -.5170E+01   -.5193E+01   -.5163E+01   -.5123E+01   -.5123E+01   -.5123E+01   -.5123E+01   -.5123E+01   -.5123E+01
0.1187E+04   0.1393E+02   -.5002E+01   -.5003E+01   -.5004E+01   -.5004E+01   -.5005E+01   -.5006E+01   -.5007E+01   -.5007E+01   -.5009E+01   -.5009E+01   -.5011E+01   -.5012E+01   -.5014E+01   -.5014E+01   -.5017E+01   -.5018E+01   -.5021E+01   -.5022E+01   -.5026E+01   -.5027E+01   -.5032E+01   -.5033E+01   -.5040E+01   -.5042E+01   -.5050E+01   -.5054E+01   -.5065E+01   -.5071E+01   -.5087E+01   -.5095E+01   -.5117E+01   -.5129E+01   -.5158E+01   -.5169E+01   -.5191E+01   -.5167E+01   -.5167E+01   -.5167E+01   -.5167E+01   -.5167E+01   -.5167E+01
0.1188E+04   0.1435E+02   -.5002E+01   -.5003E+01   -.5003E+01   -.5004E+01   -.5004E+01   -.5005E+01   -.5006E+01   -.5007E+01   -.5008E+01   -.5009E+01   -.5009E+01   -.5011E+01   -.5012E+01   -.5014E+01   -.5014E+01   -.5017E+01   -.5017E+01   -.5020E+01   -.5021E+01   -.5025E+01   -.5026E+01   -.5031E+01   -.5032E+01   -.5038E+01   -.5041E+01   -.5049E+01   -.5052E+01   -.5063E+01   -.5068E+01   -.5083E+01   -.5092E+01   -.5113E+01   -.5125E+01   -.5152E+01   -.5165E+01   -.5189E+01   -.5189E+01   -.5189E+01   -.5189E+01   -.5189E+01   -.5189E+01
0.1189E+04   0.1482E+02   -.5002E+01   -.5002E+01   -.5003E+01   -.5003E+01   -.5004E+01   -.5005E+01   -.5006E+01   -.5006E+01   -.5007E+01   -.5008E+01   -.5009E+01   -.5009E+01   -.5011E+01   -.5011E+01   -.5013E+01   -.5014E+01   -.5016E+01   -.5017E+01   -.5020E+01   -.5020E+01   -.5024E+01   -.5025E+01   -.5029E+01   -.5031E+01   -.5037E+01   -.5039E+01   -.5046E+01   -.5050E+01   -.5060E+01   -.5065E+01   -.5079E+01   -.5087E+01   -.5106E+01   -.5118E+01   -.5144E+01   -.5158E+01   -.5158E+01   -.5158E+01   -.5158E+01   -.5158E+01   -.5158E+01
0.1190E+04   0.1535E+02   -.5002E+01   -.5002E+01   -.5003E+01   -.5003E+01   -.5004E+01   -.5004E+01   -.5005E+01   -.5006E+01   -.5006E+01   -.5007E+01   -.5007E+01   -.5009E+01   -.5009E+01   -.5010E+01   -.5011E+01   -.5013E+01   -.5013E+01   -.5015E+01   -.5016E+01   -.5018E+01   -.5019E+01   -.5022E+01   -.5024E+01   -.5028E+01   -.5029E+01   -.5034E+01   -.5037E+01   -.5043E+01   -.5046E+01   -.5055E+01   -.5060E+01   -.5072E+01   -.5080E+01   -.5097E+01   -.5109E+01   -.5132E+01   -.5132E+01   -.5132E+01   -.5132E+01   -.5132E+01   -.5132E+01
0.1191E+04   0.1594E+02   -.5002E+01   -.5002E+01   -.5002E+01   -.5003E+01   -.5003E+01   -.5004E+01   -.5004E+01   -.5005E+01   -.5005E+01   -.5006E+01   -.5007E+01   -.5007E+01   -.5008E+01   -.5008E+01   -.5010E+01   -.5010E+01   -.5012E+01   -.5012E+01   -.5014E+01   -.5015E+01   -.5017E+01   -.5018E+01   -.5021E+01   -.5022E+01   -.5025E+01   -.5027E+01   -.5031E+01   -.5034E+01   -.5039E+01   -.5042E+01   -.5050E+01   -.5055E+01   -.5065E+01   -.5072E+01   -.5087E+01   -.5098E+01   -.5098E+01   -.5098E+01   -.5098E+01   -.5098E+01   -.5098E+01
0.1192E+04   0.1660E+02   -.5001E+01   -.5002E+01   -.5002E+01   -.5002E+01   -.5003E+01   -.5003E+01   -.5003E+01   -.5004E+01   -.5004E+01   -.5005E+01   -.5005E+01   -.5006E+01   -.5006E+01   -.5007E+01   -.5008E+01   -.5009E+01   -.5009E+01   -.5010E+01   -.5011E+01   -.5013E+01   -.5013E+01   -.5015E+01   -.5016E+01   -.5018E+01   -.5020E+01   -.5022E+01   -.5024E+01   -.5028E+01   -.5030E+01   -.5035E+01   -.5038E+01   -.5044E+01   -.5049E+01   -.5057E+01   -.5063E+01   -.5075E+01   -.5075E+01   -.5075E+01   -.5075E+01   -.5075E+01   -.5075E+01
0.1193E+04   0.1735E+02   -.5001E+01   -.5001E+01   -.5002E+01   -.5002E+01   -.5002E+01   -.5002E+01   -.5003E+01   -.5003E+01   -.5003E+01   -.5004E+01   -.5004E+01   -.5005E+01   -.5005E+01   -.5006E+01   -.5006E+01   -.5007E+01   -.5007E+01   -.5008E+01   -.5009E+01   -.5010E+01   -.5011E+01   -.5012E+01   -.5013E+01   -.5014E+01   -.5016E+01   -.5017E+01   -.5019E+01   -.5021E+01   -.5024E+01   -.5026E+01   -.5030E+01   -.5033E+01   -.5038E+01   -.5042E+01   -.5048E+01   -.5055E+01   -.5055E+01   -.5055E+01   -.5055E+01   -.5055E+01   -.5055E+01
0.1194E+04   0.1818E+02   -.5001E+01   -.5001E+01   -.5001E+01   -.5002E+01   -.5002E+01   -.5002E+01   -.5002E+01   -.5002E+01   -.5003E+01   -.5003E+01   -.5003E+01   -.5003E+01   -.5004E+01   -.5004E+01   -.5004E+01   -.5005E+01   -.5005E+01   -.5006E+01   -.5007E+01   -.5007E+01   -.5008E+01   -.5009E+01   -.5010E+01   -.5011E+01   -.5012E+01   -.5013E+01   -.5015E+01   -.5016E+01   -.5018E+01   -.5020E+01   -.5023E+01   -.5025E+01   -.5028E+01   -.5031E+01   -.5036E+01   -.5040E+01   -.5040E+01   -.5040E+01   -.5040E+01   -.5040E+01   -.5040E+01
0.1195E+04   0.1912E+02   -.5001E+01   -.5001E+01   -.5001E+01   -.5001E+01   -.5001E+01   -.5001E+01   -.5001E+01   -.5002E+01   -.5002E+01   -.5002E+01   -.5002E+01   -.5002E+01   -.5002E+01   -.5002E+01   -.5003E+01   -.5003E+01   -.5003E+01   -.5004E+01   -.5004E+01   -.5005E+01   -.5005E+01   -.5006E+01   -.5006E+01   -.5007E+01   -.5008E+01   -.5009E+01   -.5010E+01   -.5012E+01   -.5012E+01   -.5015E+01   -.5015E+01   -.5019E+01   -.5019E+01   -.5023E+01   -.5025E+01   -.5030E+01   -.5030E+01   -.5030E+01   -.5030E+01   -.5030E+01   -.5030E+01
0.1196E+04   0.2017E+02   -.5001E+01   -.5001E+01   -.5001E+01   -.5001E+01   -.5001E+01   -.5001E+01   -.5001E+01   -.5000E+01   -.5001E+01   -.5000E+01   -.5001E+01   -.5000E+01   -.5001E+01   -.5001E+01   -.5001E+01   -.5001E+01   -.5001E+01   -.5001E+01   -.5002E+01   -.5002E+01   -.5003E+01   -.5002E+01   -.5003E+01   -.5003E+01   -.5005E+01   -.5004E+01   -.5006E+01   -.5006E+01   -.5008E+01   -.5008E+01   -.5011E+01   -.5011E+01   -.5014E+01   -.5014E+01   -.5018E+01   -.5018E+01   -.5018E+01   -.5018E+01   -.5018E+01   -.5018E+01   -.5018E+01
0.1197E+04   0.2135E+02   -.5001E+01   -.5001E+01   -.5001E+01   -.5000E+01   -.5000E+01   -.5000E+01   -.5000E+01   -.5000E+01   -.4999E+01   -.4999E+01   -.4999E+01   -.4999E+01   -.4999E+01   -.4999E+01   -.4998E+01   -.4999E+01   -.4998E+01   -.4999E+01   -.4998E+01   -.4999E+01   -.4999E+01   -.5000E+01   -.4999E+01   -.5000E+01   -.5000E+01   -.5001E+01   -.5000E+01   -.5002E+01   -.5001E+01   -.5004E+01   -.5003E+01   -.5006E+01   -.5005E+01   -.5009E+01   -.5007E+01   -.5013E+01   -.5013E+01   -.5013E+01   -.5013E+01   -.5013E+01   -.5013E+01
0.1183E+04   0.2267E+02   -.5001E+01   -.5001E+01   -.5001E+01   -.5000E+01   -.5000E+01   -.5000E+01   -.4999E+01   -.4999E+01   -.4999E+01   -.4998E+01   -.4998E+01   -.4998E+01   -.4998E+01   -.4997E+01   -.4998E+01   -.4997E+01   -.4997E+01   -.4997E+01   -.4997E+01   -.4997E+01   -.4998E+01   -.4997E+01   -.4998E+01   -.4997E+01   -.4998E+01   -.4997E+01   -.4999E+01   -.4998E+01   -.5000E+01   -.4999E+01   -.5002E+01   -.5000E+01   -.5004E+01   -.5002E+01   -.5007E+01   -.5004E+01   -.5004E+01   -.5004E+01   -.5004E+01   -.5004E+01   -.5004E+01
