0.2350E+03   0.0000E+00   0.4236E+00   0.4609E+00   0.5044E+00   0.5243E+00   0.5478E+00   0.5592E+00   0.5730E+00   0.5801E+00   0.5885E+00   0.5931E+00   0.5985E+00   0.6016E+00   0.6052E+00   0.6075E+00   0.6102E+00   0.6119E+00   0.6139E+00   0.6152E+00   0.6166E+00   0.6176E+00   0.6187E+00   0.6195E+00   0.6204E+00   0.6210E+00   0.6217E+00   0.6222E+00   0.6227E+00   0.6231E+00   0.6236E+00   0.6239E+00   0.6243E+00   0.6245E+00   0.6248E+00   0.6251E+00   0.6253E+00   0.6255E+00   0.6255E+00   0.6255E+00   0.6255E+00   0.6255E+00   0.6255E+00
0.2380E+03   0.3333E+00   0.3862E+00   0.4596E+00   0.4881E+00   0.5221E+00   0.5379E+00   0.5571E+00   0.5664E+00   0.5776E+00   0.5834E+00   0.5903E+00   0.5941E+00   0.5986E+00   0.6012E+00   0.6044E+00   0.6065E+00   0.6088E+00   0.6103E+00   0.6120E+00   0.6132E+00   0.6144E+00   0.6153E+00   0.6163E+00   0.6170E+00   0.6178E+00   0.6183E+00   0.6189E+00   0.6194E+00   0.6199E+00   0.6203E+00   0.6207E+00   0.6210E+00   0.6213E+00   0.6216E+00   0.6218E+00   0.6221E+00   0.6223E+00   0.6223E+00   0.6223E+00   0.6223E+00   0.6223E+00   0.6223E+00
0.2390E+03   0.6667E+00   0.3767E+00   0.4256E+00   0.4873E+00   0.5121E+00   0.5395E+00   0.5533E+00   0.5691E+00   0.5774E+00   0.5868E+00   0.5920E+00   0.5979E+00   0.6013E+00   0.6052E+00   0.6078E+00   0.6106E+00   0.6125E+00   0.6146E+00   0.6160E+00   0.6175E+00   0.6185E+00   0.6197E+00   0.6205E+00   0.6214E+00   0.6220E+00   0.6227E+00   0.6232E+00   0.6238E+00   0.6242E+00   0.6246E+00   0.6250E+00   0.6254E+00   0.6256E+00   0.6259E+00   0.6262E+00   0.6264E+00   0.6266E+00   0.6266E+00   0.6266E+00   0.6266E+00   0.6266E+00   0.6266E+00
0.2400E+03   0.1000E+01   0.1670E+00   0.3935E+00   0.4380E+00   0.4962E+00   0.5191E+00   0.5442E+00   0.5570E+00   0.5710E+00   0.5786E+00   0.5870E+00   0.5918E+00   0.5971E+00   0.6002E+00   0.6039E+00   0.6063E+00   0.6089E+00   0.6106E+00   0.6125E+00   0.6138E+00   0.6152E+00   0.6162E+00   0.6172E+00   0.6180E+00   0.6188E+00   0.6194E+00   0.6200E+00   0.6205E+00   0.6210E+00   0.6214E+00   0.6218E+00   0.6222E+00   0.6225E+00   0.6228E+00   0.6230E+00   0.6233E+00   0.6235E+00   0.6235E+00   0.6235E+00   0.6235E+00   0.6235E+00   0.6235E+00
0.2410E+03   0.1333E+01   0.1109E+00   0.1859E+00   0.4060E+00   0.4494E+00   0.5055E+00   0.5273E+00   0.5512E+00   0.5633E+00   0.5761E+00   0.5832E+00   0.5911E+00   0.5956E+00   0.6006E+00   0.6036E+00   0.6071E+00   0.6093E+00   0.6117E+00   0.6133E+00   0.6151E+00   0.6163E+00   0.6176E+00   0.6185E+00   0.6195E+00   0.6202E+00   0.6210E+00   0.6216E+00   0.6222E+00   0.6226E+00   0.6231E+00   0.6235E+00   0.6239E+00   0.6242E+00   0.6245E+00   0.6247E+00   0.6250E+00   0.6252E+00   0.6252E+00   0.6252E+00   0.6252E+00   0.6252E+00   0.6252E+00
0.2420E+03   0.1667E+01   0.8423E-01   0.1151E+00   0.1906E+00   0.4115E+00   0.4539E+00   0.5092E+00   0.5304E+00   0.5535E+00   0.5652E+00   0.5772E+00   0.5841E+00   0.5915E+00   0.5957E+00   0.6005E+00   0.6035E+00   0.6068E+00   0.6089E+00   0.6112E+00   0.6128E+00   0.6144E+00   0.6156E+00   0.6168E+00   0.6177E+00   0.6186E+00   0.6193E+00   0.6200E+00   0.6206E+00   0.6211E+00   0.6216E+00   0.6220E+00   0.6224E+00   0.6227E+00   0.6230E+00   0.6233E+00   0.6236E+00   0.6238E+00   0.6238E+00   0.6238E+00   0.6238E+00   0.6238E+00   0.6238E+00
0.2430E+03   0.2000E+01   0.5634E-01   0.8849E-01   0.1173E+00   0.1942E+00   0.4163E+00   0.4584E+00   0.5132E+00   0.5340E+00   0.5566E+00   0.5680E+00   0.5796E+00   0.5864E+00   0.5935E+00   0.5977E+00   0.6023E+00   0.6052E+00   0.6084E+00   0.6104E+00   0.6127E+00   0.6141E+00   0.6157E+00   0.6168E+00   0.6180E+00   0.6189E+00   0.6198E+00   0.6204E+00   0.6211E+00   0.6216E+00   0.6222E+00   0.6226E+00   0.6230E+00   0.6234E+00   0.6237E+00   0.6240E+00   0.6243E+00   0.6245E+00   0.6245E+00   0.6245E+00   0.6245E+00   0.6245E+00   0.6245E+00
0.2440E+03   0.2333E+01   0.4108E-01   0.5929E-01   0.8981E-01   0.1184E+00   0.1960E+00   0.4187E+00   0.4605E+00   0.5150E+00   0.5356E+00   0.5578E+00   0.5691E+00   0.5804E+00   0.5870E+00   0.5939E+00   0.5980E+00   0.6025E+00   0.6053E+00   0.6084E+00   0.6104E+00   0.6126E+00   0.6140E+00   0.6156E+00   0.6167E+00   0.6178E+00   0.6186E+00   0.6195E+00   0.6201E+00   0.6208E+00   0.6213E+00   0.6218E+00   0.6222E+00   0.6226E+00   0.6229E+00   0.6233E+00   0.6235E+00   0.6238E+00   0.6238E+00   0.6238E+00   0.6238E+00   0.6238E+00   0.6238E+00
0.2450E+03   0.2667E+01   0.2785E-01   0.4286E-01   0.6001E-01   0.9076E-01   0.1193E+00   0.1976E+00   0.4210E+00   0.4626E+00   0.5169E+00   0.5373E+00   0.5594E+00   0.5705E+00   0.5817E+00   0.5882E+00   0.5950E+00   0.5990E+00   0.6035E+00   0.6063E+00   0.6093E+00   0.6113E+00   0.6134E+00   0.6148E+00   0.6163E+00   0.6173E+00   0.6185E+00   0.6192E+00   0.6201E+00   0.6207E+00   0.6213E+00   0.6218E+00   0.6223E+00   0.6227E+00   0.6231E+00   0.6234E+00   0.6238E+00   0.6240E+00   0.6240E+00   0.6240E+00   0.6240E+00   0.6240E+00   0.6240E+00
0.2460E+03   0.3000E+01   0.2106E-01   0.2920E-01   0.4321E-01   0.6043E-01   0.9134E-01   0.1199E+00   0.1985E+00   0.4222E+00   0.4637E+00   0.5180E+00   0.5382E+00   0.5602E+00   0.5712E+00   0.5822E+00   0.5887E+00   0.5953E+00   0.5993E+00   0.6037E+00   0.6065E+00   0.6095E+00   0.6114E+00   0.6135E+00   0.6149E+00   0.6163E+00   0.6174E+00   0.6185E+00   0.6192E+00   0.6200E+00   0.6206E+00   0.6213E+00   0.6217E+00   0.6222E+00   0.6226E+00   0.6230E+00   0.6233E+00   0.6236E+00   0.6236E+00   0.6236E+00   0.6236E+00   0.6236E+00   0.6236E+00
0.2470E+03   0.3333E+01   0.1481E-01   0.2184E-01   0.2938E-01   0.4350E-01   0.6077E-01   0.9178E-01   0.1203E+00   0.1992E+00   0.4234E+00   0.4648E+00   0.5190E+00   0.5392E+00   0.5610E+00   0.5721E+00   0.5830E+00   0.5894E+00   0.5960E+00   0.5999E+00   0.6043E+00   0.6070E+00   0.6100E+00   0.6119E+00   0.6140E+00   0.6153E+00   0.6168E+00   0.6178E+00   0.6188E+00   0.6196E+00   0.6204E+00   0.6210E+00   0.6216E+00   0.6220E+00   0.6225E+00   0.6229E+00   0.6233E+00   0.6236E+00   0.6236E+00   0.6236E+00   0.6236E+00   0.6236E+00   0.6236E+00
0.2480E+03   0.3667E+01   0.1177E-01   0.1541E-01   0.2189E-01   0.2947E-01   0.4367E-01   0.6098E-01   0.9207E-01   0.1206E+00   0.1997E+00   0.4241E+00   0.4655E+00   0.5196E+00   0.5398E+00   0.5616E+00   0.5725E+00   0.5834E+00   0.5897E+00   0.5963E+00   0.6002E+00   0.6045E+00   0.6072E+00   0.6102E+00   0.6121E+00   0.6141E+00   0.6154E+00   0.6169E+00   0.6178E+00   0.6189E+00   0.6196E+00   0.6204E+00   0.6210E+00   0.6216E+00   0.6220E+00   0.6225E+00   0.6229E+00   0.6232E+00   0.6232E+00   0.6232E+00   0.6232E+00   0.6232E+00   0.6232E+00
0.2490E+03   0.4000E+01   0.8571E-02   0.1212E-01   0.1543E-01   0.2196E-01   0.2958E-01   0.4382E-01   0.6116E-01   0.9230E-01   0.1208E+00   0.2001E+00   0.4247E+00   0.4661E+00   0.5202E+00   0.5404E+00   0.5621E+00   0.5730E+00   0.5838E+00   0.5902E+00   0.5967E+00   0.6006E+00   0.6049E+00   0.6076E+00   0.6105E+00   0.6124E+00   0.6144E+00   0.6157E+00   0.6171E+00   0.6181E+00   0.6191E+00   0.6199E+00   0.6206E+00   0.6212E+00   0.6218E+00   0.6222E+00   0.6227E+00   0.6230E+00   0.6230E+00   0.6230E+00   0.6230E+00   0.6230E+00   0.6230E+00
0.2500E+03   0.4333E+01   0.7126E-02   0.8848E-02   0.1208E-01   0.1541E-01   0.2200E-01   0.2963E-01   0.4392E-01   0.6128E-01   0.9248E-01   0.1210E+00   0.2004E+00   0.4252E+00   0.4665E+00   0.5206E+00   0.5407E+00   0.5625E+00   0.5734E+00   0.5841E+00   0.5905E+00   0.5969E+00   0.6008E+00   0.6051E+00   0.6078E+00   0.6107E+00   0.6125E+00   0.6145E+00   0.6158E+00   0.6172E+00   0.6182E+00   0.6192E+00   0.6199E+00   0.6207E+00   0.6212E+00   0.6218E+00   0.6223E+00   0.6227E+00   0.6227E+00   0.6227E+00   0.6227E+00   0.6227E+00   0.6227E+00
0.2510E+03   0.4667E+01   0.5336E-02   0.7296E-02   0.8820E-02   0.1209E-01   0.1543E-01   0.2204E-01   0.2970E-01   0.4400E-01   0.6139E-01   0.9261E-01   0.1211E+00   0.2007E+00   0.4256E+00   0.4669E+00   0.5210E+00   0.5411E+00   0.5628E+00   0.5737E+00   0.5844E+00   0.5908E+00   0.5972E+00   0.6011E+00   0.6053E+00   0.6080E+00   0.6109E+00   0.6127E+00   0.6147E+00   0.6160E+00   0.6174E+00   0.6184E+00   0.6194E+00   0.6201E+00   0.6208E+00   0.6214E+00   0.6220E+00   0.6224E+00   0.6224E+00   0.6224E+00   0.6224E+00   0.6224E+00   0.6224E+00
0.2520E+03   0.5000E+01   0.4608E-02   0.5476E-02   0.7245E-02   0.8779E-02   0.1208E-01   0.1543E-01   0.2207E-01   0.2974E-01   0.4406E-01   0.6147E-01   0.9272E-01   0.1212E+00   0.2009E+00   0.4259E+00   0.4672E+00   0.5213E+00   0.5414E+00   0.5631E+00   0.5739E+00   0.5846E+00   0.5910E+00   0.5974E+00   0.6012E+00   0.6055E+00   0.6082E+00   0.6110E+00   0.6128E+00   0.6148E+00   0.6161E+00   0.6175E+00   0.6184E+00   0.6194E+00   0.6201E+00   0.6209E+00   0.6214E+00   0.6220E+00   0.6220E+00   0.6220E+00   0.6220E+00   0.6220E+00   0.6220E+00
0.2530E+03   0.5333E+01   0.3525E-02   0.4699E-02   0.5441E-02   0.7232E-02   0.8771E-02   0.1209E-01   0.1545E-01   0.2210E-01   0.2978E-01   0.4411E-01   0.6153E-01   0.9280E-01   0.1213E+00   0.2011E+00   0.4262E+00   0.4675E+00   0.5216E+00   0.5416E+00   0.5633E+00   0.5742E+00   0.5849E+00   0.5912E+00   0.5976E+00   0.6014E+00   0.6057E+00   0.6083E+00   0.6112E+00   0.6130E+00   0.6150E+00   0.6162E+00   0.6176E+00   0.6185E+00   0.6195E+00   0.6202E+00   0.6210E+00   0.6215E+00   0.6215E+00   0.6215E+00   0.6215E+00   0.6215E+00   0.6215E+00
0.2540E+03   0.5667E+01   0.3141E-02   0.3603E-02   0.4654E-02   0.5399E-02   0.7211E-02   0.8758E-02   0.1209E-01   0.1546E-01   0.2212E-01   0.2981E-01   0.4416E-01   0.6159E-01   0.9288E-01   0.1214E+00   0.2012E+00   0.4264E+00   0.4677E+00   0.5218E+00   0.5418E+00   0.5635E+00   0.5744E+00   0.5850E+00   0.5913E+00   0.5977E+00   0.6016E+00   0.6058E+00   0.6084E+00   0.6113E+00   0.6131E+00   0.6150E+00   0.6163E+00   0.6177E+00   0.6186E+00   0.6196E+00   0.6203E+00   0.6210E+00   0.6210E+00   0.6210E+00   0.6210E+00   0.6210E+00   0.6210E+00
0.2550E+03   0.6000E+01   0.2444E-02   0.3196E-02   0.3573E-02   0.4638E-02   0.5385E-02   0.7208E-02   0.8759E-02   0.1210E-01   0.1547E-01   0.2214E-01   0.2983E-01   0.4419E-01   0.6163E-01   0.9293E-01   0.1215E+00   0.2013E+00   0.4266E+00   0.4679E+00   0.5220E+00   0.5420E+00   0.5637E+00   0.5745E+00   0.5852E+00   0.5915E+00   0.5978E+00   0.6017E+00   0.6059E+00   0.6086E+00   0.6114E+00   0.6132E+00   0.6151E+00   0.6164E+00   0.6178E+00   0.6187E+00   0.6197E+00   0.6204E+00   0.6204E+00   0.6204E+00   0.6204E+00   0.6204E+00   0.6204E+00
0.2560E+03   0.6333E+01   0.2234E-02   0.2492E-02   0.3160E-02   0.3538E-02   0.4617E-02   0.5369E-02   0.7201E-02   0.8757E-02   0.1210E-01   0.1548E-01   0.2215E-01   0.2986E-01   0.4422E-01   0.6167E-01   0.9298E-01   0.1215E+00   0.2014E+00   0.4267E+00   0.4680E+00   0.5221E+00   0.5422E+00   0.5638E+00   0.5746E+00   0.5853E+00   0.5916E+00   0.5979E+00   0.6018E+00   0.6060E+00   0.6086E+00   0.6115E+00   0.6133E+00   0.6152E+00   0.6164E+00   0.6178E+00   0.6187E+00   0.6197E+00   0.6197E+00   0.6197E+00   0.6197E+00   0.6197E+00   0.6197E+00
0.2570E+03   0.6667E+01   0.1761E-02   0.2271E-02   0.2469E-02   0.3147E-02   0.3525E-02   0.4611E-02   0.5365E-02   0.7203E-02   0.8761E-02   0.1211E-01   0.1549E-01   0.2217E-01   0.2988E-01   0.4425E-01   0.6170E-01   0.9303E-01   0.1216E+00   0.2015E+00   0.4268E+00   0.4682E+00   0.5223E+00   0.5423E+00   0.5639E+00   0.5748E+00   0.5854E+00   0.5917E+00   0.5980E+00   0.6019E+00   0.6061E+00   0.6087E+00   0.6116E+00   0.6133E+00   0.6153E+00   0.6165E+00   0.6179E+00   0.6188E+00   0.6188E+00   0.6188E+00   0.6188E+00   0.6188E+00   0.6188E+00
0.2580E+03   0.7000E+01   0.1644E-02   0.1794E-02   0.2244E-02   0.2441E-02   0.3130E-02   0.3510E-02   0.4603E-02   0.5360E-02   0.7202E-02   0.8763E-02   0.1212E-01   0.1550E-01   0.2218E-01   0.2989E-01   0.4427E-01   0.6173E-01   0.9306E-01   0.1216E+00   0.2016E+00   0.4270E+00   0.4683E+00   0.5224E+00   0.5424E+00   0.5640E+00   0.5749E+00   0.5855E+00   0.5918E+00   0.5981E+00   0.6020E+00   0.6062E+00   0.6088E+00   0.6116E+00   0.6134E+00   0.6153E+00   0.6166E+00   0.6179E+00   0.6179E+00   0.6179E+00   0.6179E+00   0.6179E+00   0.6179E+00
0.2590E+03   0.7333E+01   0.1310E-02   0.1671E-02   0.1777E-02   0.2234E-02   0.2430E-02   0.3124E-02   0.3506E-02   0.4603E-02   0.5361E-02   0.7206E-02   0.8769E-02   0.1213E-01   0.1551E-01   0.2219E-01   0.2991E-01   0.4429E-01   0.6175E-01   0.9309E-01   0.1216E+00   0.2016E+00   0.4271E+00   0.4684E+00   0.5225E+00   0.5425E+00   0.5641E+00   0.5750E+00   0.5856E+00   0.5918E+00   0.5982E+00   0.6020E+00   0.6062E+00   0.6089E+00   0.6117E+00   0.6134E+00   0.6154E+00   0.6166E+00   0.6166E+00   0.6166E+00   0.6166E+00   0.6166E+00   0.6166E+00
0.2600E+03   0.7667E+01   0.1243E-02   0.1335E-02   0.1651E-02   0.1756E-02   0.2220E-02   0.2418E-02   0.3117E-02   0.3500E-02   0.4601E-02   0.5360E-02   0.7207E-02   0.8772E-02   0.1213E-01   0.1552E-01   0.2220E-01   0.2992E-01   0.4430E-01   0.6177E-01   0.9312E-01   0.1217E+00   0.2017E+00   0.4271E+00   0.4685E+00   0.5226E+00   0.5426E+00   0.5642E+00   0.5750E+00   0.5856E+00   0.5919E+00   0.5982E+00   0.6021E+00   0.6063E+00   0.6089E+00   0.6117E+00   0.6135E+00   0.6154E+00   0.6153E+00   0.6153E+00   0.6153E+00   0.6153E+00   0.6153E+00
0.2610E+03   0.8000E+01   0.1001E-02   0.1265E-02   0.1323E-02   0.1644E-02   0.1749E-02   0.2216E-02   0.2415E-02   0.3116E-02   0.3500E-02   0.4602E-02   0.5363E-02   0.7211E-02   0.8777E-02   0.1214E-01   0.1553E-01   0.2221E-01   0.2993E-01   0.4432E-01   0.6179E-01   0.9314E-01   0.1217E+00   0.2017E+00   0.4272E+00   0.4685E+00   0.5226E+00   0.5427E+00   0.5643E+00   0.5751E+00   0.5857E+00   0.5920E+00   0.5983E+00   0.6021E+00   0.6063E+00   0.6089E+00   0.6117E+00   0.6135E+00   0.6135E+00   0.6135E+00   0.6135E+00   0.6135E+00   0.6135E+00
0.2620E+03   0.8333E+01   0.9618E-03   0.1021E-02   0.1251E-02   0.1308E-02   0.1634E-02   0.1739E-02   0.2210E-02   0.2410E-02   0.3113E-02   0.3498E-02   0.4602E-02   0.5363E-02   0.7213E-02   0.8780E-02   0.1214E-01   0.1553E-01   0.2222E-01   0.2994E-01   0.4433E-01   0.6180E-01   0.9316E-01   0.1217E+00   0.2017E+00   0.4273E+00   0.4686E+00   0.5227E+00   0.5427E+00   0.5643E+00   0.5751E+00   0.5858E+00   0.5920E+00   0.5983E+00   0.6022E+00   0.6064E+00   0.6090E+00   0.6118E+00   0.6117E+00   0.6117E+00   0.6117E+00   0.6117E+00   0.6117E+00
0.2630E+03   0.8667E+01   0.7815E-03   0.9798E-03   0.1013E-02   0.1246E-02   0.1302E-02   0.1631E-02   0.1736E-02   0.2209E-02   0.2409E-02   0.3114E-02   0.3499E-02   0.4604E-02   0.5366E-02   0.7216E-02   0.8783E-02   0.1214E-01   0.1554E-01   0.2222E-01   0.2995E-01   0.4434E-01   0.6181E-01   0.9317E-01   0.1217E+00   0.2018E+00   0.4273E+00   0.4686E+00   0.5228E+00   0.5428E+00   0.5644E+00   0.5752E+00   0.5858E+00   0.5920E+00   0.5984E+00   0.6022E+00   0.6064E+00   0.6091E+00   0.6091E+00   0.6091E+00   0.6091E+00   0.6091E+00   0.6091E+00
0.2640E+03   0.9000E+01   0.7583E-03   0.7978E-03   0.9699E-03   0.1001E-02   0.1239E-02   0.1295E-02   0.1627E-02   0.1732E-02   0.2207E-02   0.2407E-02   0.3113E-02   0.3499E-02   0.4604E-02   0.5367E-02   0.7217E-02   0.8785E-02   0.1215E-01   0.1554E-01   0.2223E-01   0.2995E-01   0.4434E-01   0.6182E-01   0.9319E-01   0.1217E+00   0.2018E+00   0.4274E+00   0.4687E+00   0.5228E+00   0.5428E+00   0.5644E+00   0.5752E+00   0.5858E+00   0.5921E+00   0.5984E+00   0.6022E+00   0.6064E+00   0.6064E+00   0.6064E+00   0.6064E+00   0.6064E+00   0.6064E+00
0.2650E+03   0.9333E+01   0.6214E-03   0.7737E-03   0.7929E-03   0.9674E-03   0.9976E-03   0.1237E-02   0.1293E-02   0.1626E-02   0.1732E-02   0.2207E-02   0.2408E-02   0.3114E-02   0.3500E-02   0.4605E-02   0.5368E-02   0.7218E-02   0.8787E-02   0.1215E-01   0.1554E-01   0.2223E-01   0.2996E-01   0.4435E-01   0.6183E-01   0.9320E-01   0.1218E+00   0.2018E+00   0.4274E+00   0.4687E+00   0.5228E+00   0.5428E+00   0.5644E+00   0.5753E+00   0.5859E+00   0.5921E+00   0.5984E+00   0.6023E+00   0.6023E+00   0.6023E+00   0.6023E+00   0.6023E+00   0.6023E+00
0.2660E+03   0.9667E+01   0.6073E-03   0.6355E-03   0.7669E-03   0.7847E-03   0.9621E-03   0.9925E-03   0.1233E-02   0.1290E-02   0.1624E-02   0.1730E-02   0.2206E-02   0.2407E-02   0.3113E-02   0.3500E-02   0.4605E-02   0.5369E-02   0.7218E-02   0.8788E-02   0.1215E-01   0.1555E-01   0.2223E-01   0.2996E-01   0.4435E-01   0.6184E-01   0.9320E-01   0.1218E+00   0.2018E+00   0.4275E+00   0.4688E+00   0.5229E+00   0.5429E+00   0.5645E+00   0.5753E+00   0.5859E+00   0.5921E+00   0.5985E+00   0.5984E+00   0.5984E+00   0.5984E+00   0.5984E+00   0.5984E+00
0.2670E+03   0.1000E+02   0.5018E-03   0.6207E-03   0.6325E-03   0.7655E-03   0.7821E-03   0.9607E-03   0.9910E-03   0.1233E-02   0.1289E-02   0.1623E-02   0.1730E-02   0.2206E-02   0.2407E-02   0.3113E-02   0.3500E-02   0.4605E-02   0.5369E-02   0.7218E-02   0.8789E-02   0.1215E-01   0.1555E-01   0.2223E-01   0.2996E-01   0.4435E-01   0.6184E-01   0.9321E-01   0.1218E+00   0.2019E+00   0.4275E+00   0.4688E+00   0.5229E+00   0.5429E+00   0.5645E+00   0.5753E+00   0.5859E+00   0.5923E+00   0.5923E+00   0.5923E+00   0.5923E+00   0.5923E+00   0.5923E+00
0.2680E+03   0.1033E+02   0.4928E-03   0.5140E-03   0.6160E-03   0.6265E-03   0.7617E-03   0.7783E-03   0.9580E-03   0.9885E-03   0.1231E-02   0.1288E-02   0.1622E-02   0.1729E-02   0.2205E-02   0.2407E-02   0.3112E-02   0.3500E-02   0.4604E-02   0.5369E-02   0.7217E-02   0.8789E-02   0.1215E-01   0.1555E-01   0.2223E-01   0.2997E-01   0.4435E-01   0.6185E-01   0.9321E-01   0.1218E+00   0.2019E+00   0.4275E+00   0.4688E+00   0.5229E+00   0.5429E+00   0.5645E+00   0.5753E+00   0.5860E+00   0.5859E+00   0.5859E+00   0.5859E+00   0.5859E+00   0.5859E+00
0.2690E+03   0.1067E+02   0.4105E-03   0.5044E-03   0.5123E-03   0.6154E-03   0.6248E-03   0.7607E-03   0.7771E-03   0.9573E-03   0.9878E-03   0.1230E-02   0.1287E-02   0.1621E-02   0.1729E-02   0.2204E-02   0.2406E-02   0.3111E-02   0.3499E-02   0.4602E-02   0.5368E-02   0.7216E-02   0.8788E-02   0.1215E-01   0.1555E-01   0.2223E-01   0.2997E-01   0.4435E-01   0.6185E-01   0.9322E-01   0.1218E+00   0.2019E+00   0.4275E+00   0.4688E+00   0.5229E+00   0.5429E+00   0.5646E+00   0.5756E+00   0.5756E+00   0.5756E+00   0.5756E+00   0.5756E+00   0.5756E+00
0.2700E+03   0.1100E+02   0.4043E-03   0.4211E-03   0.5013E-03   0.5080E-03   0.6125E-03   0.6218E-03   0.7585E-03   0.7750E-03   0.9555E-03   0.9862E-03   0.1229E-02   0.1286E-02   0.1620E-02   0.1728E-02   0.2202E-02   0.2405E-02   0.3109E-02   0.3498E-02   0.4600E-02   0.5367E-02   0.7213E-02   0.8787E-02   0.1214E-01   0.1555E-01   0.2223E-01   0.2997E-01   0.4435E-01   0.6185E-01   0.9322E-01   0.1218E+00   0.2019E+00   0.4275E+00   0.4688E+00   0.5230E+00   0.5430E+00   0.5646E+00   0.5645E+00   0.5645E+00   0.5645E+00   0.5645E+00   0.5645E+00
0.2710E+03   0.1133E+02   0.3395E-03   0.4144E-03   0.4203E-03   0.5010E-03   0.5068E-03   0.6116E-03   0.6209E-03   0.7576E-03   0.7742E-03   0.9545E-03   0.9855E-03   0.1228E-02   0.1285E-02   0.1618E-02   0.1727E-02   0.2200E-02   0.2404E-02   0.3107E-02   0.3497E-02   0.4598E-02   0.5365E-02   0.7210E-02   0.8785E-02   0.1214E-01   0.1554E-01   0.2223E-01   0.2997E-01   0.4435E-01   0.6185E-01   0.9322E-01   0.1218E+00   0.2019E+00   0.4276E+00   0.4689E+00   0.5230E+00   0.5437E+00   0.5435E+00   0.5435E+00   0.5435E+00   0.5435E+00   0.5435E+00
0.2720E+03   0.1167E+02   0.3347E-03   0.3488E-03   0.4122E-03   0.4170E-03   0.4986E-03   0.5044E-03   0.6096E-03   0.6189E-03   0.7557E-03   0.7726E-03   0.9526E-03   0.9839E-03   0.1225E-02   0.1284E-02   0.1616E-02   0.1725E-02   0.2198E-02   0.2402E-02   0.3104E-02   0.3494E-02   0.4594E-02   0.5363E-02   0.7207E-02   0.8783E-02   0.1214E-01   0.1554E-01   0.2222E-01   0.2997E-01   0.4435E-01   0.6185E-01   0.9322E-01   0.1218E+00   0.2019E+00   0.4276E+00   0.4689E+00   0.5229E+00   0.5228E+00   0.5228E+00   0.5228E+00   0.5228E+00   0.5228E+00
0.2730E+03   0.1200E+02   0.2833E-03   0.3434E-03   0.3483E-03   0.4120E-03   0.4161E-03   0.4977E-03   0.5034E-03   0.6085E-03   0.6180E-03   0.7544E-03   0.7715E-03   0.9510E-03   0.9827E-03   0.1223E-02   0.1282E-02   0.1614E-02   0.1723E-02   0.2195E-02   0.2400E-02   0.3101E-02   0.3492E-02   0.4591E-02   0.5361E-02   0.7203E-02   0.8781E-02   0.1213E-01   0.1554E-01   0.2222E-01   0.2996E-01   0.4435E-01   0.6185E-01   0.9324E-01   0.1218E+00   0.2020E+00   0.4276E+00   0.4710E+00   0.4707E+00   0.4707E+00   0.4707E+00   0.4707E+00   0.4707E+00
0.2740E+03   0.1233E+02   0.2792E-03   0.2914E-03   0.3417E-03   0.3458E-03   0.4099E-03   0.4140E-03   0.4957E-03   0.5016E-03   0.6064E-03   0.6163E-03   0.7520E-03   0.7698E-03   0.9484E-03   0.9809E-03   0.1220E-02   0.1280E-02   0.1610E-02   0.1721E-02   0.2191E-02   0.2398E-02   0.3096E-02   0.3490E-02   0.4586E-02   0.5359E-02   0.7199E-02   0.8780E-02   0.1213E-01   0.1554E-01   0.2222E-01   0.2997E-01   0.4437E-01   0.6185E-01   0.9330E-01   0.1217E+00   0.2022E+00   0.4263E+00   0.4261E+00   0.4261E+00   0.4261E+00   0.4261E+00   0.4261E+00
0.2370E+03   0.1267E+02   0.2384E-03   0.2865E-03   0.2912E-03   0.3413E-03   0.3450E-03   0.4086E-03   0.4131E-03   0.4940E-03   0.5005E-03   0.6043E-03   0.6151E-03   0.7496E-03   0.7685E-03   0.9454E-03   0.9795E-03   0.1217E-02   0.1279E-02   0.1606E-02   0.1720E-02   0.2187E-02   0.2397E-02   0.3092E-02   0.3490E-02   0.4582E-02   0.5360E-02   0.7195E-02   0.8783E-02   0.1213E-01   0.1555E-01   0.2224E-01   0.3000E-01   0.4444E-01   0.6195E-01   0.9360E-01   0.1220E+00   0.2106E+00   0.2091E+00   0.2091E+00   0.2091E+00   0.2091E+00   0.2091E+00
0.1184E+04   0.1293E+02   0.2379E-03   0.2504E-03   0.2897E-03   0.2954E-03   0.3449E-03   0.3509E-03   0.4134E-03   0.4211E-03   0.5006E-03   0.5113E-03   0.6132E-03   0.6297E-03   0.7620E-03   0.7887E-03   0.9633E-03   0.1008E-02   0.1243E-02   0.1320E-02   0.1647E-02   0.1782E-02   0.2251E-02   0.2494E-02   0.3198E-02   0.3650E-02   0.4768E-02   0.5640E-02   0.7542E-02   0.9311E-02   0.1283E-01   0.1663E-01   0.2373E-01   0.3235E-01   0.4775E-01   0.6710E-01   0.9982E-01   0.1302E+00   0.1302E+00   0.1302E+00   0.1302E+00   0.1302E+00   0.1302E+00
0.1185E+04   0.1323E+02   0.2082E-03   0.2461E-03   0.2529E-03   0.2913E-03   0.2979E-03   0.3462E-03   0.3540E-03   0.4151E-03   0.4252E-03   0.5028E-03   0.5169E-03   0.6165E-03   0.6373E-03   0.7668E-03   0.7992E-03   0.9707E-03   0.1023E-02   0.1255E-02   0.1343E-02   0.1666E-02   0.1816E-02   0.2282E-02   0.2548E-02   0.3252E-02   0.3740E-02   0.4865E-02   0.5799E-02   0.7728E-02   0.9612E-02   0.1320E-01   0.1724E-01   0.2456E-01   0.3369E-01   0.4959E-01   0.7003E-01   0.1051E+00   0.1048E+00   0.1048E+00   0.1048E+00   0.1048E+00   0.1048E+00
0.1186E+04   0.1356E+02   0.2021E-03   0.2143E-03   0.2446E-03   0.2513E-03   0.2891E-03   0.2963E-03   0.3436E-03   0.3524E-03   0.4121E-03   0.4236E-03   0.4993E-03   0.5152E-03   0.6125E-03   0.6357E-03   0.7623E-03   0.7978E-03   0.9655E-03   0.1022E-02   0.1249E-02   0.1342E-02   0.1659E-02   0.1816E-02   0.2274E-02   0.2549E-02   0.3243E-02   0.3743E-02   0.4853E-02   0.5805E-02   0.7712E-02   0.9623E-02   0.1318E-01   0.1726E-01   0.2452E-01   0.3373E-01   0.4953E-01   0.7054E-01   0.7029E-01   0.7029E-01   0.7029E-01   0.7029E-01   0.7029E-01
0.1187E+04   0.1393E+02   0.1755E-03   0.2053E-03   0.2116E-03   0.2411E-03   0.2473E-03   0.2841E-03   0.2913E-03   0.3374E-03   0.3463E-03   0.4045E-03   0.4162E-03   0.4899E-03   0.5061E-03   0.6008E-03   0.6244E-03   0.7476E-03   0.7833E-03   0.9465E-03   0.1003E-02   0.1224E-02   0.1316E-02   0.1623E-02   0.1778E-02   0.2222E-02   0.2492E-02   0.3162E-02   0.3649E-02   0.4719E-02   0.5640E-02   0.7471E-02   0.9309E-02   0.1271E-01   0.1661E-01   0.2352E-01   0.3231E-01   0.4775E-01   0.4759E-01   0.4759E-01   0.4759E-01   0.4759E-01   0.4759E-01
0.1188E+04   0.1435E+02   0.1663E-03   0.1764E-03   0.1996E-03   0.2050E-03   0.2337E-03   0.2393E-03   0.2751E-03   0.2817E-03   0.3265E-03   0.3347E-03   0.3912E-03   0.4019E-03   0.4736E-03   0.4886E-03   0.5804E-03   0.6022E-03   0.7215E-03   0.7547E-03   0.9123E-03   0.9647E-03   0.1177E-02   0.1263E-02   0.1558E-02   0.1701E-02   0.2124E-02   0.2374E-02   0.3008E-02   0.3456E-02   0.4460E-02   0.5303E-02   0.7003E-02   0.8671E-02   0.1179E-01   0.1530E-01   0.2157E-01   0.2968E-01   0.2956E-01   0.2956E-01   0.2956E-01   0.2956E-01   0.2956E-01
0.1189E+04   0.1482E+02   0.1420E-03   0.1650E-03   0.1693E-03   0.1916E-03   0.1956E-03   0.2234E-03   0.2278E-03   0.2624E-03   0.2677E-03   0.3110E-03   0.3176E-03   0.3722E-03   0.3810E-03   0.4502E-03   0.4626E-03   0.5511E-03   0.5694E-03   0.6841E-03   0.7122E-03   0.8631E-03   0.9079E-03   0.1110E-02   0.1184E-02   0.1463E-02   0.1587E-02   0.1983E-02   0.2199E-02   0.2786E-02   0.3173E-02   0.4090E-02   0.4813E-02   0.6337E-02   0.7757E-02   0.1050E-01   0.1346E-01   0.1895E-01   0.1889E-01   0.1889E-01   0.1889E-01   0.1889E-01   0.1889E-01
0.1190E+04   0.1535E+02   0.1317E-03   0.1384E-03   0.1558E-03   0.1585E-03   0.1799E-03   0.1824E-03   0.2092E-03   0.2119E-03   0.2453E-03   0.2486E-03   0.2904E-03   0.2946E-03   0.3472E-03   0.3531E-03   0.4196E-03   0.4281E-03   0.5131E-03   0.5261E-03   0.6357E-03   0.6565E-03   0.7998E-03   0.8338E-03   0.1025E-02   0.1082E-02   0.1342E-02   0.1440E-02   0.1806E-02   0.1977E-02   0.2510E-02   0.2819E-02   0.3634E-02   0.4210E-02   0.5533E-02   0.6653E-02   0.8964E-02   0.1137E-01   0.1132E-01   0.1132E-01   0.1132E-01   0.1132E-01   0.1132E-01
0.1191E+04   0.1594E+02   0.1095E-03   0.1265E-03   0.1279E-03   0.1442E-03   0.1450E-03   0.1653E-03   0.1659E-03   0.1914E-03   0.1920E-03   0.2239E-03   0.2247E-03   0.2648E-03   0.2660E-03   0.3165E-03   0.3184E-03   0.3823E-03   0.3858E-03   0.4670E-03   0.4734E-03   0.5777E-03   0.5892E-03   0.7247E-03   0.7454E-03   0.9243E-03   0.9615E-03   0.1202E-02   0.1269E-02   0.1602E-02   0.1723E-02   0.2199E-02   0.2421E-02   0.3130E-02   0.3547E-02   0.4664E-02   0.5472E-02   0.7356E-02   0.7339E-02   0.7339E-02   0.7339E-02   0.7339E-02   0.7339E-02
0.1192E+04   0.1660E+02   0.9957E-04   0.1025E-03   0.1146E-03   0.1139E-03   0.1291E-03   0.1278E-03   0.1470E-03   0.1452E-03   0.1695E-03   0.1674E-03   0.1980E-03   0.1956E-03   0.2341E-03   0.2315E-03   0.2800E-03   0.2773E-03   0.3385E-03   0.3361E-03   0.4138E-03   0.4123E-03   0.5116E-03   0.5124E-03   0.6405E-03   0.6461E-03   0.8135E-03   0.8286E-03   0.1051E-02   0.1084E-02   0.1386E-02   0.1454E-02   0.1876E-02   0.2008E-02   0.2620E-02   0.2878E-02   0.3806E-02   0.4366E-02   0.4348E-02   0.4348E-02   0.4348E-02   0.4348E-02   0.4348E-02
0.1193E+04   0.1735E+02   0.8010E-04   0.9153E-04   0.8944E-04   0.1002E-03   0.9705E-04   0.1110E-03   0.1071E-03   0.1250E-03   0.1206E-03   0.1435E-03   0.1384E-03   0.1675E-03   0.1615E-03   0.1984E-03   0.1915E-03   0.2381E-03   0.2302E-03   0.2891E-03   0.2800E-03   0.3547E-03   0.3445E-03   0.4396E-03   0.4287E-03   0.5505E-03   0.5400E-03   0.6976E-03   0.6897E-03   0.8962E-03   0.8954E-03   0.1171E-02   0.1186E-02   0.1562E-02   0.1609E-02   0.2139E-02   0.2253E-02   0.3009E-02   0.3006E-02   0.3006E-02   0.3006E-02   0.3006E-02   0.3006E-02
0.1194E+04   0.1818E+02   0.7219E-04   0.7062E-04   0.7765E-04   0.7279E-04   0.8215E-04   0.7629E-04   0.8880E-04   0.8210E-04   0.9864E-04   0.9103E-04   0.1126E-03   0.1039E-03   0.1317E-03   0.1216E-03   0.1571E-03   0.1454E-03   0.1905E-03   0.1768E-03   0.2340E-03   0.2177E-03   0.2902E-03   0.2708E-03   0.3629E-03   0.3399E-03   0.4573E-03   0.4304E-03   0.5810E-03   0.5502E-03   0.7452E-03   0.7113E-03   0.9675E-03   0.9326E-03   0.1276E-02   0.1245E-02   0.1715E-02   0.1736E-02   0.1727E-02   0.1727E-02   0.1727E-02   0.1727E-02   0.1727E-02
0.1195E+04   0.1912E+02   0.5665E-04   0.6242E-04   0.5575E-04   0.6079E-04   0.5271E-04   0.6025E-04   0.5115E-04   0.6199E-04   0.5186E-04   0.6684E-04   0.5553E-04   0.7565E-04   0.6289E-04   0.8935E-04   0.7473E-04   0.1091E-03   0.9204E-04   0.1361E-03   0.1160E-03   0.1723E-03   0.1483E-03   0.2198E-03   0.1908E-03   0.2817E-03   0.2464E-03   0.3618E-03   0.3187E-03   0.4661E-03   0.4130E-03   0.6025E-03   0.5372E-03   0.7834E-03   0.7027E-03   0.1028E-02   0.9287E-03   0.1341E-02   0.1342E-02   0.1342E-02   0.1342E-02   0.1342E-02   0.1342E-02
0.1196E+04   0.2017E+02   0.5333E-04   0.4611E-04   0.4698E-04   0.3631E-04   0.3894E-04   0.2696E-04   0.3223E-04   0.1912E-04   0.2787E-04   0.1355E-04   0.2666E-04   0.1089E-04   0.2940E-04   0.1180E-04   0.3694E-04   0.1697E-04   0.5032E-04   0.2728E-04   0.7079E-04   0.4376E-04   0.9986E-04   0.6763E-04   0.1394E-03   0.1005E-03   0.1920E-03   0.1442E-03   0.2608E-03   0.2015E-03   0.3502E-03   0.2758E-03   0.4663E-03   0.3717E-03   0.6183E-03   0.4955E-03   0.8180E-03   0.6870E-03   0.6818E-03   0.6818E-03   0.6818E-03   0.6818E-03   0.6818E-03
0.1197E+04   0.2135E+02   0.4526E-04   0.4366E-04   0.2959E-04   0.2652E-04   0.1058E-04   0.9575E-05   -.7671E-05   -.5753E-05   -.2423E-04   -.1854E-04   -.3841E-04   -.2802E-04   -.4960E-04   -.3344E-04   -.5724E-04   -.3397E-04   -.6062E-04   -.2857E-04   -.5897E-04   -.1609E-04   -.5137E-04   0.4915E-05   -.3679E-04   0.3619E-04   -.1394E-04   0.7995E-04   0.1871E-04   0.1390E-03   0.6305E-04   0.2173E-03   0.1214E-03   0.3198E-03   0.1964E-03   0.4542E-03   0.2929E-03   0.6049E-03   0.6074E-03   0.6074E-03   0.6074E-03   0.6074E-03   0.6074E-03
0.1183E+04   0.2267E+02   0.5353E-04   0.3654E-04   0.2636E-04   0.4381E-05   -.4749E-05   -.2847E-04   -.3536E-04   -.6045E-04   -.6412E-04   -.9060E-04   -.9019E-04   -.1183E-03   -.1128E-03   -.1431E-03   -.1314E-03   -.1644E-03   -.1451E-03   -.1815E-03   -.1528E-03   -.1939E-03   -.1536E-03   -.2007E-03   -.1460E-03   -.2009E-03   -.1283E-03   -.1935E-03   -.9830E-04   -.1772E-03   -.5326E-04   -.1503E-03   0.1066E-04   -.1111E-03   0.9890E-04   -.5745E-04   0.2178E-03   0.4213E-04   0.3725E-04   0.3725E-04   0.3725E-04   0.3725E-04   0.3725E-04
