0.2350E+03   0.0000E+00   -.1442E+00   -.3022E+00   -.3159E+00   -.3719E+00   -.3612E+00   -.3702E+00   -.3636E+00   -.3704E+00   -.3653E+00   -.3700E+00   -.3667E+00   -.3698E+00   -.3673E+00   -.3699E+00   -.3678E+00   -.3697E+00   -.3683E+00   -.3696E+00   -.3686E+00   -.3696E+00   -.3688E+00   -.3695E+00   -.3690E+00   -.3695E+00   -.3692E+00   -.3695E+00   -.3692E+00   -.3694E+00   -.3693E+00   -.3694E+00   -.3693E+00   -.3694E+00   -.3693E+00   -.3694E+00   -.3693E+00   -.3694E+00   -.3694E+00   -.3694E+00   -.3694E+00   -.3694E+00   -.3694E+00
0.2380E+03   0.3333E+00   -.3427E+00   -.1900E+00   -.2896E+00   -.3180E+00   -.3650E+00   -.3528E+00   -.3646E+00   -.3585E+00   -.3643E+00   -.3603E+00   -.3642E+00   -.3614E+00   -.3640E+00   -.3616E+00   -.3639E+00   -.3622E+00   -.3639E+00   -.3626E+00   -.3638E+00   -.3630E+00   -.3638E+00   -.3632E+00   -.3638E+00   -.3634E+00   -.3638E+00   -.3635E+00   -.3637E+00   -.3636E+00   -.3637E+00   -.3636E+00   -.3637E+00   -.3636E+00   -.3637E+00   -.3637E+00   -.3637E+00   -.3637E+00   -.3638E+00   -.3638E+00   -.3638E+00   -.3638E+00   -.3638E+00
0.2390E+03   0.6667E+00   -.4705E+00   -.4733E+00   -.3473E+00   -.4254E+00   -.3801E+00   -.4083E+00   -.3880E+00   -.4018E+00   -.3955E+00   -.4003E+00   -.3961E+00   -.3993E+00   -.3963E+00   -.3989E+00   -.3965E+00   -.3984E+00   -.3967E+00   -.3981E+00   -.3968E+00   -.3978E+00   -.3970E+00   -.3977E+00   -.3970E+00   -.3975E+00   -.3971E+00   -.3974E+00   -.3971E+00   -.3973E+00   -.3971E+00   -.3972E+00   -.3971E+00   -.3971E+00   -.3971E+00   -.3971E+00   -.3970E+00   -.3971E+00   -.3971E+00   -.3971E+00   -.3971E+00   -.3971E+00   -.3971E+00
0.2400E+03   0.1000E+01   -.3488E+01   -.4485E+00   -.4485E+00   -.3285E+00   -.4154E+00   -.3692E+00   -.3960E+00   -.3837E+00   -.3994E+00   -.3933E+00   -.3974E+00   -.3937E+00   -.3966E+00   -.3937E+00   -.3961E+00   -.3939E+00   -.3957E+00   -.3941E+00   -.3954E+00   -.3943E+00   -.3952E+00   -.3944E+00   -.3950E+00   -.3945E+00   -.3949E+00   -.3945E+00   -.3948E+00   -.3945E+00   -.3947E+00   -.3945E+00   -.3946E+00   -.3945E+00   -.3946E+00   -.3945E+00   -.3945E+00   -.3945E+00   -.3946E+00   -.3946E+00   -.3946E+00   -.3946E+00   -.3946E+00
0.2410E+03   0.1333E+01   -.3973E+01   -.3417E+01   -.4617E+00   -.4477E+00   -.3324E+00   -.4174E+00   -.3740E+00   -.4020E+00   -.3839E+00   -.4009E+00   -.3947E+00   -.3997E+00   -.3961E+00   -.3988E+00   -.3960E+00   -.3983E+00   -.3962E+00   -.3979E+00   -.3964E+00   -.3975E+00   -.3965E+00   -.3973E+00   -.3966E+00   -.3972E+00   -.3966E+00   -.3970E+00   -.3967E+00   -.3969E+00   -.3967E+00   -.3968E+00   -.3967E+00   -.3968E+00   -.3966E+00   -.3967E+00   -.3966E+00   -.3967E+00   -.3967E+00   -.3967E+00   -.3967E+00   -.3967E+00   -.3967E+00
0.2420E+03   0.1667E+01   -.3790E+01   -.4084E+01   -.3467E+01   -.4712E+00   -.4489E+00   -.3351E+00   -.4180E+00   -.3764E+00   -.4056E+00   -.3827E+00   -.3989E+00   -.3972E+00   -.4025E+00   -.3989E+00   -.4017E+00   -.3990E+00   -.4011E+00   -.3991E+00   -.4007E+00   -.3993E+00   -.4004E+00   -.3994E+00   -.4002E+00   -.3995E+00   -.4000E+00   -.3995E+00   -.3998E+00   -.3995E+00   -.3997E+00   -.3995E+00   -.3996E+00   -.3995E+00   -.3996E+00   -.3995E+00   -.3995E+00   -.3994E+00   -.3995E+00   -.3995E+00   -.3995E+00   -.3995E+00   -.3995E+00
0.2430E+03   0.2000E+01   -.3963E+01   -.3837E+01   -.4141E+01   -.3491E+01   -.4701E+00   -.4478E+00   -.3345E+00   -.4162E+00   -.3757E+00   -.4063E+00   -.3835E+00   -.3967E+00   -.3971E+00   -.4032E+00   -.3995E+00   -.4022E+00   -.3995E+00   -.4016E+00   -.3996E+00   -.4012E+00   -.3998E+00   -.4009E+00   -.3999E+00   -.4006E+00   -.3999E+00   -.4005E+00   -.4000E+00   -.4003E+00   -.4000E+00   -.4002E+00   -.4000E+00   -.4001E+00   -.4000E+00   -.4000E+00   -.3999E+00   -.4000E+00   -.4001E+00   -.4001E+00   -.4001E+00   -.4001E+00   -.4001E+00
0.2440E+03   0.2333E+01   -.4000E+01   -.3989E+01   -.3873E+01   -.4179E+01   -.3510E+01   -.4738E+00   -.4489E+00   -.3360E+00   -.4170E+00   -.3771E+00   -.4079E+00   -.3853E+00   -.3955E+00   -.3984E+00   -.4048E+00   -.4010E+00   -.4037E+00   -.4011E+00   -.4031E+00   -.4012E+00   -.4027E+00   -.4013E+00   -.4024E+00   -.4014E+00   -.4022E+00   -.4015E+00   -.4020E+00   -.4015E+00   -.4018E+00   -.4015E+00   -.4017E+00   -.4015E+00   -.4016E+00   -.4015E+00   -.4016E+00   -.4015E+00   -.4016E+00   -.4016E+00   -.4016E+00   -.4016E+00   -.4016E+00
0.2450E+03   0.2667E+01   -.4050E+01   -.4028E+01   -.4017E+01   -.3896E+01   -.4204E+01   -.3521E+01   -.4725E+00   -.4482E+00   -.3354E+00   -.4158E+00   -.3762E+00   -.4072E+00   -.3848E+00   -.3953E+00   -.3983E+00   -.4051E+00   -.4012E+00   -.4039E+00   -.4012E+00   -.4032E+00   -.4013E+00   -.4028E+00   -.4015E+00   -.4025E+00   -.4015E+00   -.4023E+00   -.4016E+00   -.4021E+00   -.4016E+00   -.4019E+00   -.4016E+00   -.4018E+00   -.4016E+00   -.4018E+00   -.4016E+00   -.4017E+00   -.4018E+00   -.4018E+00   -.4018E+00   -.4018E+00   -.4018E+00
0.2460E+03   0.3000E+01   -.4042E+01   -.4071E+01   -.4051E+01   -.4037E+01   -.3912E+01   -.4221E+01   -.3530E+01   -.4741E+00   -.4488E+00   -.3362E+00   -.4164E+00   -.3771E+00   -.4080E+00   -.3857E+00   -.3962E+00   -.3990E+00   -.4059E+00   -.4021E+00   -.4047E+00   -.4021E+00   -.4041E+00   -.4022E+00   -.4036E+00   -.4023E+00   -.4033E+00   -.4024E+00   -.4031E+00   -.4024E+00   -.4029E+00   -.4025E+00   -.4028E+00   -.4025E+00   -.4027E+00   -.4025E+00   -.4026E+00   -.4024E+00   -.4026E+00   -.4026E+00   -.4026E+00   -.4026E+00   -.4026E+00
0.2470E+03   0.3333E+01   -.4054E+01   -.4061E+01   -.4088E+01   -.4066E+01   -.4050E+01   -.3923E+01   -.4233E+01   -.3536E+01   -.4734E+00   -.4484E+00   -.3357E+00   -.4157E+00   -.3765E+00   -.4076E+00   -.3851E+00   -.3960E+00   -.3989E+00   -.4060E+00   -.4021E+00   -.4047E+00   -.4021E+00   -.4041E+00   -.4022E+00   -.4036E+00   -.4023E+00   -.4033E+00   -.4024E+00   -.4031E+00   -.4025E+00   -.4029E+00   -.4025E+00   -.4028E+00   -.4025E+00   -.4027E+00   -.4025E+00   -.4026E+00   -.4027E+00   -.4027E+00   -.4027E+00   -.4027E+00   -.4027E+00
0.2480E+03   0.3667E+01   -.4039E+01   -.4068E+01   -.4076E+01   -.4102E+01   -.4077E+01   -.4060E+01   -.3932E+01   -.4242E+01   -.3541E+01   -.4742E+00   -.4488E+00   -.3362E+00   -.4161E+00   -.3770E+00   -.4081E+00   -.3857E+00   -.3966E+00   -.3994E+00   -.4065E+00   -.4026E+00   -.4052E+00   -.4026E+00   -.4045E+00   -.4027E+00   -.4041E+00   -.4028E+00   -.4038E+00   -.4029E+00   -.4036E+00   -.4029E+00   -.4034E+00   -.4030E+00   -.4033E+00   -.4030E+00   -.4032E+00   -.4030E+00   -.4031E+00   -.4031E+00   -.4031E+00   -.4031E+00   -.4031E+00
0.2490E+03   0.4000E+01   -.4041E+01   -.4052E+01   -.4080E+01   -.4086E+01   -.4111E+01   -.4085E+01   -.4067E+01   -.3938E+01   -.4249E+01   -.3544E+01   -.4738E+00   -.4486E+00   -.3360E+00   -.4158E+00   -.3767E+00   -.4078E+00   -.3853E+00   -.3964E+00   -.3992E+00   -.4064E+00   -.4026E+00   -.4052E+00   -.4026E+00   -.4045E+00   -.4027E+00   -.4041E+00   -.4028E+00   -.4038E+00   -.4029E+00   -.4036E+00   -.4029E+00   -.4034E+00   -.4030E+00   -.4033E+00   -.4030E+00   -.4031E+00   -.4032E+00   -.4032E+00   -.4032E+00   -.4032E+00   -.4032E+00
0.2500E+03   0.4333E+01   -.4029E+01   -.4052E+01   -.4061E+01   -.4089E+01   -.4094E+01   -.4118E+01   -.4091E+01   -.4072E+01   -.3943E+01   -.4254E+01   -.3547E+01   -.4742E+00   -.4489E+00   -.3362E+00   -.4160E+00   -.3770E+00   -.4081E+00   -.3857E+00   -.3968E+00   -.3991E+00   -.4066E+00   -.4029E+00   -.4055E+00   -.4029E+00   -.4048E+00   -.4030E+00   -.4044E+00   -.4031E+00   -.4041E+00   -.4032E+00   -.4039E+00   -.4032E+00   -.4037E+00   -.4033E+00   -.4036E+00   -.4033E+00   -.4035E+00   -.4035E+00   -.4035E+00   -.4035E+00   -.4035E+00
0.2510E+03   0.4667E+01   -.4030E+01   -.4038E+01   -.4060E+01   -.4068E+01   -.4095E+01   -.4100E+01   -.4123E+01   -.4096E+01   -.4076E+01   -.3946E+01   -.4258E+01   -.3549E+01   -.4739E+00   -.4488E+00   -.3361E+00   -.4158E+00   -.3768E+00   -.4080E+00   -.3855E+00   -.3967E+00   -.3990E+00   -.4064E+00   -.4028E+00   -.4055E+00   -.4029E+00   -.4048E+00   -.4030E+00   -.4044E+00   -.4031E+00   -.4041E+00   -.4032E+00   -.4039E+00   -.4032E+00   -.4037E+00   -.4032E+00   -.4035E+00   -.4036E+00   -.4036E+00   -.4036E+00   -.4036E+00   -.4036E+00
0.2520E+03   0.5000E+01   -.4021E+01   -.4038E+01   -.4045E+01   -.4066E+01   -.4074E+01   -.4101E+01   -.4105E+01   -.4127E+01   -.4100E+01   -.4080E+01   -.3949E+01   -.4262E+01   -.3551E+01   -.4741E+00   -.4489E+00   -.3363E+00   -.4160E+00   -.3770E+00   -.4082E+00   -.3860E+00   -.3969E+00   -.3989E+00   -.4063E+00   -.4030E+00   -.4056E+00   -.4031E+00   -.4050E+00   -.4032E+00   -.4046E+00   -.4033E+00   -.4043E+00   -.4034E+00   -.4040E+00   -.4034E+00   -.4039E+00   -.4035E+00   -.4037E+00   -.4037E+00   -.4037E+00   -.4037E+00   -.4037E+00
0.2530E+03   0.5333E+01   -.4022E+01   -.4028E+01   -.4043E+01   -.4050E+01   -.4071E+01   -.4078E+01   -.4105E+01   -.4108E+01   -.4131E+01   -.4102E+01   -.4082E+01   -.3952E+01   -.4264E+01   -.3552E+01   -.4739E+00   -.4489E+00   -.3362E+00   -.4159E+00   -.3769E+00   -.4081E+00   -.3860E+00   -.3968E+00   -.3988E+00   -.4062E+00   -.4029E+00   -.4056E+00   -.4031E+00   -.4050E+00   -.4032E+00   -.4046E+00   -.4033E+00   -.4043E+00   -.4034E+00   -.4040E+00   -.4034E+00   -.4038E+00   -.4039E+00   -.4039E+00   -.4039E+00   -.4039E+00   -.4039E+00
0.2540E+03   0.5667E+01   -.4016E+01   -.4028E+01   -.4033E+01   -.4048E+01   -.4054E+01   -.4075E+01   -.4082E+01   -.4108E+01   -.4111E+01   -.4133E+01   -.4105E+01   -.4085E+01   -.3954E+01   -.4267E+01   -.3554E+01   -.4740E+00   -.4490E+00   -.3363E+00   -.4160E+00   -.3771E+00   -.4082E+00   -.3865E+00   -.3970E+00   -.3988E+00   -.4062E+00   -.4030E+00   -.4058E+00   -.4032E+00   -.4051E+00   -.4033E+00   -.4047E+00   -.4034E+00   -.4044E+00   -.4035E+00   -.4042E+00   -.4036E+00   -.4040E+00   -.4040E+00   -.4040E+00   -.4040E+00   -.4040E+00
0.2550E+03   0.6000E+01   -.4017E+01   -.4020E+01   -.4032E+01   -.4036E+01   -.4052E+01   -.4057E+01   -.4078E+01   -.4085E+01   -.4110E+01   -.4113E+01   -.4136E+01   -.4107E+01   -.4086E+01   -.3955E+01   -.4268E+01   -.3555E+01   -.4738E+00   -.4490E+00   -.3362E+00   -.4160E+00   -.3770E+00   -.4082E+00   -.3865E+00   -.3969E+00   -.3987E+00   -.4061E+00   -.4030E+00   -.4058E+00   -.4032E+00   -.4051E+00   -.4033E+00   -.4047E+00   -.4034E+00   -.4044E+00   -.4035E+00   -.4041E+00   -.4042E+00   -.4042E+00   -.4042E+00   -.4042E+00   -.4042E+00
0.2560E+03   0.6333E+01   -.4012E+01   -.4021E+01   -.4024E+01   -.4035E+01   -.4040E+01   -.4055E+01   -.4060E+01   -.4080E+01   -.4087E+01   -.4113E+01   -.4115E+01   -.4137E+01   -.4109E+01   -.4088E+01   -.3957E+01   -.4270E+01   -.3556E+01   -.4739E+00   -.4490E+00   -.3363E+00   -.4160E+00   -.3771E+00   -.4082E+00   -.3868E+00   -.3970E+00   -.3987E+00   -.4061E+00   -.4031E+00   -.4059E+00   -.4033E+00   -.4052E+00   -.4034E+00   -.4048E+00   -.4035E+00   -.4045E+00   -.4037E+00   -.4042E+00   -.4042E+00   -.4042E+00   -.4042E+00   -.4042E+00
0.2570E+03   0.6667E+01   -.4013E+01   -.4015E+01   -.4024E+01   -.4027E+01   -.4038E+01   -.4042E+01   -.4057E+01   -.4062E+01   -.4082E+01   -.4089E+01   -.4114E+01   -.4117E+01   -.4139E+01   -.4110E+01   -.4089E+01   -.3958E+01   -.4271E+01   -.3556E+01   -.4738E+00   -.4490E+00   -.3362E+00   -.4160E+00   -.3770E+00   -.4082E+00   -.3868E+00   -.3970E+00   -.3986E+00   -.4060E+00   -.4031E+00   -.4059E+00   -.4033E+00   -.4052E+00   -.4034E+00   -.4048E+00   -.4035E+00   -.4044E+00   -.4045E+00   -.4045E+00   -.4045E+00   -.4045E+00   -.4045E+00
0.2580E+03   0.7000E+01   -.4009E+01   -.4016E+01   -.4018E+01   -.4027E+01   -.4030E+01   -.4041E+01   -.4044E+01   -.4059E+01   -.4064E+01   -.4084E+01   -.4091E+01   -.4116E+01   -.4118E+01   -.4140E+01   -.4111E+01   -.4090E+01   -.3959E+01   -.4273E+01   -.3557E+01   -.4738E+00   -.4491E+00   -.3363E+00   -.4161E+00   -.3771E+00   -.4083E+00   -.3870E+00   -.3971E+00   -.3986E+00   -.4060E+00   -.4031E+00   -.4059E+00   -.4033E+00   -.4053E+00   -.4034E+00   -.4048E+00   -.4037E+00   -.4044E+00   -.4044E+00   -.4044E+00   -.4044E+00   -.4044E+00
0.2590E+03   0.7333E+01   -.4010E+01   -.4012E+01   -.4018E+01   -.4021E+01   -.4029E+01   -.4032E+01   -.4043E+01   -.4046E+01   -.4061E+01   -.4066E+01   -.4086E+01   -.4092E+01   -.4117E+01   -.4120E+01   -.4141E+01   -.4112E+01   -.4091E+01   -.3960E+01   -.4274E+01   -.3558E+01   -.4737E+00   -.4491E+00   -.3363E+00   -.4160E+00   -.3770E+00   -.4083E+00   -.3870E+00   -.3970E+00   -.3985E+00   -.4059E+00   -.4031E+00   -.4059E+00   -.4033E+00   -.4053E+00   -.4035E+00   -.4048E+00   -.4048E+00   -.4049E+00   -.4049E+00   -.4049E+00   -.4049E+00
0.2600E+03   0.7667E+01   -.4007E+01   -.4012E+01   -.4014E+01   -.4021E+01   -.4023E+01   -.4031E+01   -.4033E+01   -.4044E+01   -.4048E+01   -.4062E+01   -.4067E+01   -.4087E+01   -.4093E+01   -.4118E+01   -.4121E+01   -.4142E+01   -.4113E+01   -.4092E+01   -.3961E+01   -.4274E+01   -.3558E+01   -.4737E+00   -.4491E+00   -.3363E+00   -.4161E+00   -.3771E+00   -.4083E+00   -.3871E+00   -.3971E+00   -.3985E+00   -.4059E+00   -.4031E+00   -.4060E+00   -.4034E+00   -.4053E+00   -.4037E+00   -.4047E+00   -.4047E+00   -.4047E+00   -.4047E+00   -.4047E+00
0.2610E+03   0.8000E+01   -.4008E+01   -.4009E+01   -.4014E+01   -.4016E+01   -.4022E+01   -.4024E+01   -.4032E+01   -.4035E+01   -.4046E+01   -.4049E+01   -.4063E+01   -.4068E+01   -.4088E+01   -.4094E+01   -.4119E+01   -.4121E+01   -.4143E+01   -.4114E+01   -.4093E+01   -.3961E+01   -.4275E+01   -.3558E+01   -.4737E+00   -.4491E+00   -.3363E+00   -.4161E+00   -.3770E+00   -.4083E+00   -.3871E+00   -.3970E+00   -.3985E+00   -.4059E+00   -.4031E+00   -.4060E+00   -.4034E+00   -.4053E+00   -.4053E+00   -.4054E+00   -.4054E+00   -.4054E+00   -.4054E+00
0.2620E+03   0.8333E+01   -.4006E+01   -.4010E+01   -.4011E+01   -.4016E+01   -.4018E+01   -.4024E+01   -.4026E+01   -.4034E+01   -.4036E+01   -.4047E+01   -.4050E+01   -.4065E+01   -.4069E+01   -.4089E+01   -.4095E+01   -.4120E+01   -.4122E+01   -.4144E+01   -.4115E+01   -.4093E+01   -.3962E+01   -.4276E+01   -.3559E+01   -.4737E+00   -.4491E+00   -.3363E+00   -.4161E+00   -.3771E+00   -.4083E+00   -.3871E+00   -.3971E+00   -.3985E+00   -.4059E+00   -.4031E+00   -.4060E+00   -.4037E+00   -.4050E+00   -.4050E+00   -.4050E+00   -.4050E+00   -.4050E+00
0.2630E+03   0.8667E+01   -.4006E+01   -.4008E+01   -.4012E+01   -.4013E+01   -.4018E+01   -.4019E+01   -.4025E+01   -.4027E+01   -.4035E+01   -.4037E+01   -.4048E+01   -.4051E+01   -.4065E+01   -.4070E+01   -.4090E+01   -.4096E+01   -.4121E+01   -.4123E+01   -.4144E+01   -.4115E+01   -.4094E+01   -.3962E+01   -.4276E+01   -.3559E+01   -.4737E+00   -.4491E+00   -.3363E+00   -.4161E+00   -.3770E+00   -.4083E+00   -.3871E+00   -.3971E+00   -.3984E+00   -.4059E+00   -.4031E+00   -.4061E+00   -.4060E+00   -.4061E+00   -.4061E+00   -.4061E+00   -.4061E+00
0.2640E+03   0.9000E+01   -.4005E+01   -.4008E+01   -.4009E+01   -.4013E+01   -.4014E+01   -.4019E+01   -.4020E+01   -.4027E+01   -.4028E+01   -.4036E+01   -.4038E+01   -.4049E+01   -.4052E+01   -.4066E+01   -.4071E+01   -.4090E+01   -.4096E+01   -.4121E+01   -.4123E+01   -.4145E+01   -.4116E+01   -.4094E+01   -.3963E+01   -.4277E+01   -.3559E+01   -.4737E+00   -.4491E+00   -.3363E+00   -.4161E+00   -.3771E+00   -.4083E+00   -.3872E+00   -.3971E+00   -.3984E+00   -.4058E+00   -.4035E+00   -.4054E+00   -.4054E+00   -.4054E+00   -.4054E+00   -.4054E+00
0.2650E+03   0.9333E+01   -.4005E+01   -.4006E+01   -.4009E+01   -.4010E+01   -.4014E+01   -.4015E+01   -.4020E+01   -.4021E+01   -.4027E+01   -.4029E+01   -.4037E+01   -.4039E+01   -.4049E+01   -.4053E+01   -.4067E+01   -.4071E+01   -.4091E+01   -.4097E+01   -.4122E+01   -.4124E+01   -.4145E+01   -.4116E+01   -.4095E+01   -.3963E+01   -.4277E+01   -.3560E+01   -.4736E+00   -.4492E+00   -.3363E+00   -.4161E+00   -.3770E+00   -.4083E+00   -.3872E+00   -.3971E+00   -.3984E+00   -.4059E+00   -.4058E+00   -.4059E+00   -.4059E+00   -.4059E+00   -.4059E+00
0.2660E+03   0.9667E+01   -.4004E+01   -.4007E+01   -.4007E+01   -.4011E+01   -.4012E+01   -.4015E+01   -.4016E+01   -.4021E+01   -.4022E+01   -.4028E+01   -.4030E+01   -.4038E+01   -.4040E+01   -.4050E+01   -.4053E+01   -.4067E+01   -.4072E+01   -.4091E+01   -.4097E+01   -.4122E+01   -.4124E+01   -.4146E+01   -.4116E+01   -.4095E+01   -.3964E+01   -.4277E+01   -.3560E+01   -.4737E+00   -.4492E+00   -.3362E+00   -.4161E+00   -.3770E+00   -.4084E+00   -.3872E+00   -.3971E+00   -.3986E+00   -.4001E+00   -.4001E+00   -.4001E+00   -.4001E+00   -.4001E+00
0.2670E+03   0.1000E+02   -.4004E+01   -.4005E+01   -.4008E+01   -.4009E+01   -.4012E+01   -.4012E+01   -.4016E+01   -.4017E+01   -.4022E+01   -.4023E+01   -.4029E+01   -.4030E+01   -.4038E+01   -.4040E+01   -.4051E+01   -.4054E+01   -.4068E+01   -.4072E+01   -.4092E+01   -.4098E+01   -.4123E+01   -.4125E+01   -.4146E+01   -.4117E+01   -.4095E+01   -.3964E+01   -.4278E+01   -.3560E+01   -.4736E+00   -.4492E+00   -.3362E+00   -.4161E+00   -.3770E+00   -.4084E+00   -.3873E+00   -.3965E+00   -.3964E+00   -.3964E+00   -.3964E+00   -.3964E+00   -.3964E+00
0.2680E+03   0.1033E+02   -.4003E+01   -.4005E+01   -.4006E+01   -.4009E+01   -.4010E+01   -.4013E+01   -.4013E+01   -.4017E+01   -.4018E+01   -.4023E+01   -.4024E+01   -.4030E+01   -.4031E+01   -.4039E+01   -.4041E+01   -.4051E+01   -.4054E+01   -.4068E+01   -.4073E+01   -.4092E+01   -.4098E+01   -.4123E+01   -.4125E+01   -.4146E+01   -.4117E+01   -.4095E+01   -.3964E+01   -.4278E+01   -.3560E+01   -.4736E+00   -.4492E+00   -.3362E+00   -.4161E+00   -.3770E+00   -.4083E+00   -.3888E+00   -.3893E+00   -.3893E+00   -.3893E+00   -.3893E+00   -.3893E+00
0.2690E+03   0.1067E+02   -.4004E+01   -.4004E+01   -.4006E+01   -.4007E+01   -.4010E+01   -.4010E+01   -.4013E+01   -.4014E+01   -.4018E+01   -.4019E+01   -.4023E+01   -.4024E+01   -.4030E+01   -.4031E+01   -.4039E+01   -.4041E+01   -.4052E+01   -.4054E+01   -.4069E+01   -.4073E+01   -.4092E+01   -.4098E+01   -.4123E+01   -.4125E+01   -.4146E+01   -.4117E+01   -.4096E+01   -.3964E+01   -.4278E+01   -.3560E+01   -.4736E+00   -.4492E+00   -.3362E+00   -.4162E+00   -.3770E+00   -.4067E+00   -.4069E+00   -.4069E+00   -.4069E+00   -.4069E+00   -.4069E+00
0.2700E+03   0.1100E+02   -.4003E+01   -.4005E+01   -.4005E+01   -.4007E+01   -.4008E+01   -.4010E+01   -.4011E+01   -.4014E+01   -.4015E+01   -.4018E+01   -.4019E+01   -.4024E+01   -.4025E+01   -.4031E+01   -.4032E+01   -.4040E+01   -.4042E+01   -.4052E+01   -.4055E+01   -.4069E+01   -.4073E+01   -.4093E+01   -.4099E+01   -.4123E+01   -.4126E+01   -.4147E+01   -.4117E+01   -.4096E+01   -.3964E+01   -.4278E+01   -.3560E+01   -.4735E+00   -.4493E+00   -.3361E+00   -.4161E+00   -.3800E+00   -.3797E+00   -.3797E+00   -.3797E+00   -.3797E+00   -.3797E+00
0.2710E+03   0.1133E+02   -.4003E+01   -.4004E+01   -.4005E+01   -.4006E+01   -.4008E+01   -.4009E+01   -.4011E+01   -.4012E+01   -.4015E+01   -.4015E+01   -.4019E+01   -.4020E+01   -.4024E+01   -.4025E+01   -.4031E+01   -.4032E+01   -.4040E+01   -.4042E+01   -.4052E+01   -.4055E+01   -.4069E+01   -.4074E+01   -.4093E+01   -.4099E+01   -.4123E+01   -.4126E+01   -.4147E+01   -.4118E+01   -.4096E+01   -.3965E+01   -.4278E+01   -.3560E+01   -.4733E+00   -.4493E+00   -.3363E+00   -.4118E+00   -.4122E+00   -.4122E+00   -.4122E+00   -.4122E+00   -.4122E+00
0.2720E+03   0.1167E+02   -.4002E+01   -.4004E+01   -.4004E+01   -.4006E+01   -.4007E+01   -.4009E+01   -.4009E+01   -.4012E+01   -.4012E+01   -.4015E+01   -.4016E+01   -.4019E+01   -.4020E+01   -.4025E+01   -.4026E+01   -.4031E+01   -.4033E+01   -.4040E+01   -.4042E+01   -.4052E+01   -.4055E+01   -.4069E+01   -.4074E+01   -.4093E+01   -.4099E+01   -.4124E+01   -.4126E+01   -.4147E+01   -.4118E+01   -.4096E+01   -.3965E+01   -.4279E+01   -.3560E+01   -.4730E+00   -.4492E+00   -.3442E+00   -.3435E+00   -.3435E+00   -.3435E+00   -.3435E+00   -.3435E+00
0.2730E+03   0.1200E+02   -.4003E+01   -.4003E+01   -.4005E+01   -.4005E+01   -.4007E+01   -.4007E+01   -.4009E+01   -.4010E+01   -.4012E+01   -.4013E+01   -.4016E+01   -.4016E+01   -.4020E+01   -.4020E+01   -.4025E+01   -.4026E+01   -.4032E+01   -.4033E+01   -.4040E+01   -.4042E+01   -.4053E+01   -.4056E+01   -.4070E+01   -.4074E+01   -.4093E+01   -.4099E+01   -.4124E+01   -.4126E+01   -.4147E+01   -.4118E+01   -.4096E+01   -.3965E+01   -.4279E+01   -.3560E+01   -.4727E+00   -.4443E+00   -.4454E+00   -.4454E+00   -.4454E+00   -.4454E+00   -.4454E+00
0.2740E+03   0.1233E+02   -.4002E+01   -.4003E+01   -.4004E+01   -.4005E+01   -.4006E+01   -.4007E+01   -.4008E+01   -.4010E+01   -.4010E+01   -.4013E+01   -.4013E+01   -.4016E+01   -.4017E+01   -.4020E+01   -.4021E+01   -.4025E+01   -.4026E+01   -.4032E+01   -.4033E+01   -.4041E+01   -.4043E+01   -.4053E+01   -.4056E+01   -.4070E+01   -.4074E+01   -.4093E+01   -.4099E+01   -.4124E+01   -.4126E+01   -.4147E+01   -.4118E+01   -.4096E+01   -.3964E+01   -.4278E+01   -.3553E+01   -.4869E+00   -.4874E+00   -.4874E+00   -.4874E+00   -.4874E+00   -.4874E+00
0.2370E+03   0.1267E+02   -.3998E+01   -.4008E+01   -.3999E+01   -.4011E+01   -.3999E+01   -.4014E+01   -.3999E+01   -.4018E+01   -.3999E+01   -.4023E+01   -.3999E+01   -.4029E+01   -.3999E+01   -.4036E+01   -.3999E+01   -.4045E+01   -.3998E+01   -.4056E+01   -.3998E+01   -.4071E+01   -.3997E+01   -.4091E+01   -.3998E+01   -.4117E+01   -.3999E+01   -.4154E+01   -.4001E+01   -.4204E+01   -.4002E+01   -.4270E+01   -.3979E+01   -.4331E+01   -.3838E+01   -.4331E+01   -.3584E+01   -.4531E+01   -.4549E+01   -.4549E+01   -.4549E+01   -.4549E+01   -.4549E+01
0.1184E+04   0.1293E+02   -.4002E+01   -.4003E+01   -.4003E+01   -.4005E+01   -.4005E+01   -.4006E+01   -.4007E+01   -.4008E+01   -.4009E+01   -.4011E+01   -.4011E+01   -.4013E+01   -.4014E+01   -.4017E+01   -.4018E+01   -.4021E+01   -.4022E+01   -.4026E+01   -.4027E+01   -.4032E+01   -.4035E+01   -.4041E+01   -.4045E+01   -.4054E+01   -.4059E+01   -.4071E+01   -.4078E+01   -.4095E+01   -.4106E+01   -.4127E+01   -.4135E+01   -.4149E+01   -.4123E+01   -.4090E+01   -.3937E+01   -.4418E+01   -.4408E+01   -.4408E+01   -.4408E+01   -.4408E+01   -.4408E+01
0.1185E+04   0.1323E+02   -.4002E+01   -.4003E+01   -.4003E+01   -.4004E+01   -.4005E+01   -.4006E+01   -.4007E+01   -.4007E+01   -.4009E+01   -.4009E+01   -.4011E+01   -.4012E+01   -.4014E+01   -.4015E+01   -.4017E+01   -.4018E+01   -.4021E+01   -.4022E+01   -.4026E+01   -.4028E+01   -.4033E+01   -.4035E+01   -.4042E+01   -.4046E+01   -.4054E+01   -.4060E+01   -.4072E+01   -.4080E+01   -.4097E+01   -.4108E+01   -.4128E+01   -.4136E+01   -.4148E+01   -.4121E+01   -.4078E+01   -.3965E+01   -.3966E+01   -.3966E+01   -.3966E+01   -.3966E+01   -.3966E+01
0.1186E+04   0.1356E+02   -.4002E+01   -.4003E+01   -.4003E+01   -.4004E+01   -.4004E+01   -.4005E+01   -.4006E+01   -.4007E+01   -.4008E+01   -.4009E+01   -.4010E+01   -.4011E+01   -.4012E+01   -.4014E+01   -.4015E+01   -.4017E+01   -.4018E+01   -.4021E+01   -.4023E+01   -.4026E+01   -.4028E+01   -.4033E+01   -.4036E+01   -.4042E+01   -.4046E+01   -.4055E+01   -.4060E+01   -.4072E+01   -.4080E+01   -.4097E+01   -.4108E+01   -.4128E+01   -.4136E+01   -.4148E+01   -.4121E+01   -.4071E+01   -.4073E+01   -.4073E+01   -.4073E+01   -.4073E+01   -.4073E+01
0.1187E+04   0.1393E+02   -.4002E+01   -.4002E+01   -.4003E+01   -.4003E+01   -.4004E+01   -.4005E+01   -.4006E+01   -.4006E+01   -.4007E+01   -.4008E+01   -.4009E+01   -.4010E+01   -.4011E+01   -.4012E+01   -.4014E+01   -.4015E+01   -.4017E+01   -.4018E+01   -.4021E+01   -.4022E+01   -.4026E+01   -.4028E+01   -.4033E+01   -.4035E+01   -.4041E+01   -.4045E+01   -.4054E+01   -.4059E+01   -.4071E+01   -.4079E+01   -.4095E+01   -.4106E+01   -.4127E+01   -.4136E+01   -.4147E+01   -.4125E+01   -.4126E+01   -.4126E+01   -.4126E+01   -.4126E+01   -.4126E+01
0.1188E+04   0.1435E+02   -.4002E+01   -.4002E+01   -.4003E+01   -.4003E+01   -.4004E+01   -.4004E+01   -.4005E+01   -.4006E+01   -.4006E+01   -.4007E+01   -.4008E+01   -.4009E+01   -.4010E+01   -.4011E+01   -.4012E+01   -.4014E+01   -.4015E+01   -.4017E+01   -.4018E+01   -.4021E+01   -.4022E+01   -.4025E+01   -.4027E+01   -.4032E+01   -.4034E+01   -.4040E+01   -.4044E+01   -.4052E+01   -.4057E+01   -.4069E+01   -.4077E+01   -.4092E+01   -.4103E+01   -.4123E+01   -.4133E+01   -.4146E+01   -.4147E+01   -.4147E+01   -.4147E+01   -.4147E+01   -.4147E+01
0.1189E+04   0.1482E+02   -.4001E+01   -.4002E+01   -.4002E+01   -.4003E+01   -.4003E+01   -.4004E+01   -.4005E+01   -.4005E+01   -.4006E+01   -.4006E+01   -.4007E+01   -.4008E+01   -.4009E+01   -.4010E+01   -.4011E+01   -.4012E+01   -.4013E+01   -.4014E+01   -.4016E+01   -.4017E+01   -.4020E+01   -.4021E+01   -.4024E+01   -.4026E+01   -.4030E+01   -.4033E+01   -.4038E+01   -.4042E+01   -.4049E+01   -.4054E+01   -.4065E+01   -.4072E+01   -.4087E+01   -.4098E+01   -.4116E+01   -.4129E+01   -.4129E+01   -.4129E+01   -.4129E+01   -.4129E+01   -.4129E+01
0.1190E+04   0.1535E+02   -.4001E+01   -.4002E+01   -.4002E+01   -.4003E+01   -.4003E+01   -.4004E+01   -.4004E+01   -.4005E+01   -.4005E+01   -.4006E+01   -.4006E+01   -.4007E+01   -.4008E+01   -.4009E+01   -.4009E+01   -.4010E+01   -.4011E+01   -.4013E+01   -.4013E+01   -.4015E+01   -.4016E+01   -.4019E+01   -.4020E+01   -.4023E+01   -.4025E+01   -.4028E+01   -.4031E+01   -.4036E+01   -.4039E+01   -.4046E+01   -.4051E+01   -.4060E+01   -.4067E+01   -.4080E+01   -.4090E+01   -.4108E+01   -.4108E+01   -.4108E+01   -.4108E+01   -.4108E+01   -.4108E+01
0.1191E+04   0.1594E+02   -.4001E+01   -.4002E+01   -.4002E+01   -.4002E+01   -.4003E+01   -.4003E+01   -.4003E+01   -.4004E+01   -.4004E+01   -.4005E+01   -.4005E+01   -.4006E+01   -.4007E+01   -.4007E+01   -.4008E+01   -.4009E+01   -.4010E+01   -.4010E+01   -.4012E+01   -.4013E+01   -.4014E+01   -.4015E+01   -.4017E+01   -.4018E+01   -.4021E+01   -.4023E+01   -.4026E+01   -.4028E+01   -.4032E+01   -.4036E+01   -.4041E+01   -.4046E+01   -.4054E+01   -.4060E+01   -.4071E+01   -.4081E+01   -.4081E+01   -.4081E+01   -.4081E+01   -.4081E+01   -.4081E+01
0.1192E+04   0.1660E+02   -.4001E+01   -.4001E+01   -.4002E+01   -.4002E+01   -.4002E+01   -.4003E+01   -.4003E+01   -.4003E+01   -.4004E+01   -.4004E+01   -.4004E+01   -.4005E+01   -.4005E+01   -.4006E+01   -.4006E+01   -.4007E+01   -.4008E+01   -.4009E+01   -.4009E+01   -.4010E+01   -.4011E+01   -.4013E+01   -.4014E+01   -.4015E+01   -.4017E+01   -.4019E+01   -.4020E+01   -.4023E+01   -.4025E+01   -.4029E+01   -.4032E+01   -.4037E+01   -.4041E+01   -.4047E+01   -.4053E+01   -.4062E+01   -.4062E+01   -.4062E+01   -.4062E+01   -.4062E+01   -.4062E+01
0.1193E+04   0.1735E+02   -.4001E+01   -.4001E+01   -.4001E+01   -.4002E+01   -.4002E+01   -.4002E+01   -.4002E+01   -.4003E+01   -.4003E+01   -.4003E+01   -.4004E+01   -.4004E+01   -.4004E+01   -.4005E+01   -.4005E+01   -.4006E+01   -.4006E+01   -.4007E+01   -.4007E+01   -.4008E+01   -.4009E+01   -.4010E+01   -.4011E+01   -.4012E+01   -.4013E+01   -.4015E+01   -.4016E+01   -.4018E+01   -.4020E+01   -.4022E+01   -.4025E+01   -.4028E+01   -.4031E+01   -.4035E+01   -.4040E+01   -.4046E+01   -.4046E+01   -.4046E+01   -.4046E+01   -.4046E+01   -.4046E+01
0.1194E+04   0.1818E+02   -.4001E+01   -.4001E+01   -.4001E+01   -.4001E+01   -.4001E+01   -.4002E+01   -.4002E+01   -.4002E+01   -.4002E+01   -.4002E+01   -.4003E+01   -.4003E+01   -.4003E+01   -.4003E+01   -.4004E+01   -.4004E+01   -.4005E+01   -.4005E+01   -.4006E+01   -.4006E+01   -.4007E+01   -.4007E+01   -.4008E+01   -.4009E+01   -.4010E+01   -.4011E+01   -.4012E+01   -.4014E+01   -.4015E+01   -.4017E+01   -.4019E+01   -.4021E+01   -.4024E+01   -.4026E+01   -.4030E+01   -.4033E+01   -.4033E+01   -.4033E+01   -.4033E+01   -.4033E+01   -.4033E+01
0.1195E+04   0.1912E+02   -.4001E+01   -.4001E+01   -.4001E+01   -.4001E+01   -.4001E+01   -.4001E+01   -.4001E+01   -.4001E+01   -.4001E+01   -.4002E+01   -.4002E+01   -.4002E+01   -.4002E+01   -.4002E+01   -.4002E+01   -.4003E+01   -.4003E+01   -.4003E+01   -.4004E+01   -.4004E+01   -.4004E+01   -.4005E+01   -.4005E+01   -.4006E+01   -.4007E+01   -.4008E+01   -.4008E+01   -.4010E+01   -.4011E+01   -.4012E+01   -.4013E+01   -.4016E+01   -.4017E+01   -.4020E+01   -.4021E+01   -.4025E+01   -.4025E+01   -.4025E+01   -.4025E+01   -.4025E+01   -.4025E+01
0.1196E+04   0.2017E+02   -.4001E+01   -.4001E+01   -.4001E+01   -.4001E+01   -.4001E+01   -.4001E+01   -.4001E+01   -.4001E+01   -.4001E+01   -.4001E+01   -.4001E+01   -.4001E+01   -.4001E+01   -.4001E+01   -.4001E+01   -.4001E+01   -.4001E+01   -.4001E+01   -.4002E+01   -.4002E+01   -.4002E+01   -.4002E+01   -.4003E+01   -.4003E+01   -.4004E+01   -.4004E+01   -.4005E+01   -.4006E+01   -.4007E+01   -.4007E+01   -.4009E+01   -.4009E+01   -.4012E+01   -.4012E+01   -.4016E+01   -.4016E+01   -.4016E+01   -.4016E+01   -.4016E+01   -.4016E+01   -.4016E+01
0.1197E+04   0.2135E+02   -.4001E+01   -.4001E+01   -.4001E+01   -.4000E+01   -.4000E+01   -.4000E+01   -.4000E+01   -.4000E+01   -.4000E+01   -.4000E+01   -.3999E+01   -.3999E+01   -.3999E+01   -.3999E+01   -.3999E+01   -.3999E+01   -.3999E+01   -.3999E+01   -.3999E+01   -.4000E+01   -.3999E+01   -.4000E+01   -.4000E+01   -.4001E+01   -.4000E+01   -.4001E+01   -.4001E+01   -.4002E+01   -.4002E+01   -.4004E+01   -.4003E+01   -.4006E+01   -.4005E+01   -.4008E+01   -.4007E+01   -.4011E+01   -.4011E+01   -.4011E+01   -.4011E+01   -.4011E+01   -.4011E+01
0.1183E+04   0.2267E+02   -.4001E+01   -.4001E+01   -.4001E+01   -.4000E+01   -.4000E+01   -.4000E+01   -.4000E+01   -.3999E+01   -.3999E+01   -.3999E+01   -.3999E+01   -.3998E+01   -.3998E+01   -.3998E+01   -.3998E+01   -.3998E+01   -.3998E+01   -.3998E+01   -.3998E+01   -.3998E+01   -.3998E+01   -.3998E+01   -.3999E+01   -.3998E+01   -.3999E+01   -.3998E+01   -.4000E+01   -.3999E+01   -.4001E+01   -.4000E+01   -.4002E+01   -.4001E+01   -.4004E+01   -.4003E+01   -.4007E+01   -.4005E+01   -.4005E+01   -.4005E+01   -.4005E+01   -.4005E+01   -.4005E+01
