0.2350E+03   0.0000E+00   0.5247E+00   0.5225E+00   0.5266E+00   0.5305E+00   0.5339E+00   0.5362E+00   0.5382E+00   0.5399E+00   0.5414E+00   0.5427E+00   0.5439E+00   0.5449E+00   0.5459E+00   0.5467E+00   0.5475E+00   0.5481E+00   0.5488E+00   0.5493E+00   0.5499E+00   0.5503E+00   0.5508E+00   0.5512E+00   0.5515E+00   0.5519E+00   0.5522E+00   0.5525E+00   0.5527E+00   0.5530E+00   0.5532E+00   0.5534E+00   0.5536E+00   0.5538E+00   0.5540E+00   0.5541E+00   0.5543E+00   0.5544E+00   0.5544E+00   0.5544E+00   0.5544E+00   0.5544E+00   0.5544E+00
0.2380E+03   0.3333E+00   0.4808E+00   0.4825E+00   0.4835E+00   0.4872E+00   0.4903E+00   0.4930E+00   0.4949E+00   0.4967E+00   0.4982E+00   0.4996E+00   0.5007E+00   0.5018E+00   0.5027E+00   0.5036E+00   0.5043E+00   0.5050E+00   0.5056E+00   0.5062E+00   0.5067E+00   0.5072E+00   0.5076E+00   0.5081E+00   0.5084E+00   0.5088E+00   0.5091E+00   0.5094E+00   0.5096E+00   0.5099E+00   0.5101E+00   0.5103E+00   0.5105E+00   0.5107E+00   0.5109E+00   0.5110E+00   0.5112E+00   0.5113E+00   0.5113E+00   0.5113E+00   0.5113E+00   0.5113E+00   0.5113E+00
0.2390E+03   0.6667E+00   0.4598E+00   0.4892E+00   0.4907E+00   0.4909E+00   0.4939E+00   0.4967E+00   0.4991E+00   0.5009E+00   0.5025E+00   0.5038E+00   0.5051E+00   0.5061E+00   0.5071E+00   0.5080E+00   0.5088E+00   0.5095E+00   0.5101E+00   0.5107E+00   0.5112E+00   0.5117E+00   0.5122E+00   0.5126E+00   0.5130E+00   0.5133E+00   0.5136E+00   0.5139E+00   0.5142E+00   0.5144E+00   0.5147E+00   0.5149E+00   0.5151E+00   0.5153E+00   0.5154E+00   0.5156E+00   0.5157E+00   0.5159E+00   0.5159E+00   0.5159E+00   0.5159E+00   0.5159E+00   0.5159E+00
0.2400E+03   0.1000E+01   0.2011E+00   0.3356E+00   0.3635E+00   0.3644E+00   0.3643E+00   0.3670E+00   0.3696E+00   0.3718E+00   0.3735E+00   0.3750E+00   0.3762E+00   0.3774E+00   0.3784E+00   0.3793E+00   0.3801E+00   0.3808E+00   0.3815E+00   0.3821E+00   0.3826E+00   0.3831E+00   0.3836E+00   0.3840E+00   0.3844E+00   0.3847E+00   0.3851E+00   0.3854E+00   0.3856E+00   0.3859E+00   0.3861E+00   0.3863E+00   0.3865E+00   0.3867E+00   0.3869E+00   0.3871E+00   0.3872E+00   0.3874E+00   0.3874E+00   0.3874E+00   0.3874E+00   0.3874E+00   0.3874E+00
0.2410E+03   0.1333E+01   0.1363E+00   0.1992E+00   0.3289E+00   0.3556E+00   0.3563E+00   0.3560E+00   0.3586E+00   0.3610E+00   0.3631E+00   0.3647E+00   0.3661E+00   0.3673E+00   0.3684E+00   0.3693E+00   0.3702E+00   0.3709E+00   0.3716E+00   0.3722E+00   0.3728E+00   0.3733E+00   0.3738E+00   0.3742E+00   0.3746E+00   0.3750E+00   0.3753E+00   0.3756E+00   0.3759E+00   0.3762E+00   0.3764E+00   0.3766E+00   0.3768E+00   0.3770E+00   0.3772E+00   0.3774E+00   0.3775E+00   0.3777E+00   0.3777E+00   0.3777E+00   0.3777E+00   0.3777E+00   0.3777E+00
0.2420E+03   0.1667E+01   0.1036E+00   0.1312E+00   0.1919E+00   0.3166E+00   0.3429E+00   0.3435E+00   0.3431E+00   0.3455E+00   0.3478E+00   0.3499E+00   0.3514E+00   0.3528E+00   0.3539E+00   0.3549E+00   0.3558E+00   0.3566E+00   0.3573E+00   0.3580E+00   0.3586E+00   0.3591E+00   0.3596E+00   0.3601E+00   0.3605E+00   0.3608E+00   0.3612E+00   0.3615E+00   0.3618E+00   0.3621E+00   0.3623E+00   0.3625E+00   0.3628E+00   0.3630E+00   0.3631E+00   0.3633E+00   0.3635E+00   0.3636E+00   0.3636E+00   0.3636E+00   0.3636E+00   0.3636E+00   0.3636E+00
0.2430E+03   0.2000E+01   0.6802E-01   0.1062E+00   0.1323E+00   0.1913E+00   0.3146E+00   0.3407E+00   0.3411E+00   0.3406E+00   0.3430E+00   0.3453E+00   0.3472E+00   0.3487E+00   0.3500E+00   0.3511E+00   0.3521E+00   0.3529E+00   0.3537E+00   0.3544E+00   0.3550E+00   0.3556E+00   0.3561E+00   0.3566E+00   0.3570E+00   0.3574E+00   0.3578E+00   0.3581E+00   0.3584E+00   0.3587E+00   0.3589E+00   0.3592E+00   0.3594E+00   0.3596E+00   0.3598E+00   0.3599E+00   0.3601E+00   0.3603E+00   0.3603E+00   0.3603E+00   0.3603E+00   0.3603E+00   0.3603E+00
0.2440E+03   0.2333E+01   0.5031E-01   0.7009E-01   0.1070E+00   0.1317E+00   0.1903E+00   0.3122E+00   0.3382E+00   0.3385E+00   0.3380E+00   0.3403E+00   0.3425E+00   0.3444E+00   0.3458E+00   0.3471E+00   0.3481E+00   0.3491E+00   0.3499E+00   0.3507E+00   0.3513E+00   0.3520E+00   0.3525E+00   0.3530E+00   0.3534E+00   0.3539E+00   0.3542E+00   0.3546E+00   0.3549E+00   0.3552E+00   0.3555E+00   0.3557E+00   0.3559E+00   0.3562E+00   0.3563E+00   0.3565E+00   0.3567E+00   0.3569E+00   0.3569E+00   0.3569E+00   0.3569E+00   0.3569E+00   0.3569E+00
0.2450E+03   0.2667E+01   0.3345E-01   0.5386E-01   0.7270E-01   0.1080E+00   0.1322E+00   0.1904E+00   0.3118E+00   0.3376E+00   0.3379E+00   0.3373E+00   0.3396E+00   0.3417E+00   0.3436E+00   0.3450E+00   0.3462E+00   0.3472E+00   0.3482E+00   0.3490E+00   0.3497E+00   0.3504E+00   0.3510E+00   0.3515E+00   0.3520E+00   0.3524E+00   0.3528E+00   0.3532E+00   0.3535E+00   0.3538E+00   0.3541E+00   0.3543E+00   0.3546E+00   0.3548E+00   0.3550E+00   0.3552E+00   0.3554E+00   0.3555E+00   0.3555E+00   0.3555E+00   0.3555E+00   0.3555E+00   0.3555E+00
0.2460E+03   0.3000E+01   0.2575E-01   0.3622E-01   0.5595E-01   0.7371E-01   0.1085E+00   0.1323E+00   0.1904E+00   0.3113E+00   0.3370E+00   0.3373E+00   0.3367E+00   0.3389E+00   0.3410E+00   0.3429E+00   0.3442E+00   0.3454E+00   0.3464E+00   0.3474E+00   0.3481E+00   0.3488E+00   0.3495E+00   0.3500E+00   0.3506E+00   0.3510E+00   0.3514E+00   0.3518E+00   0.3522E+00   0.3525E+00   0.3528E+00   0.3531E+00   0.3533E+00   0.3536E+00   0.3538E+00   0.3540E+00   0.3542E+00   0.3543E+00   0.3543E+00   0.3543E+00   0.3543E+00   0.3543E+00   0.3543E+00
0.2470E+03   0.3333E+01   0.1775E-01   0.2871E-01   0.3863E-01   0.5739E-01   0.7475E-01   0.1091E+00   0.1325E+00   0.1906E+00   0.3112E+00   0.3369E+00   0.3372E+00   0.3365E+00   0.3387E+00   0.3408E+00   0.3427E+00   0.3440E+00   0.3452E+00   0.3461E+00   0.3470E+00   0.3478E+00   0.3485E+00   0.3491E+00   0.3497E+00   0.3502E+00   0.3506E+00   0.3510E+00   0.3514E+00   0.3518E+00   0.3521E+00   0.3524E+00   0.3526E+00   0.3529E+00   0.3531E+00   0.3533E+00   0.3535E+00   0.3537E+00   0.3537E+00   0.3537E+00   0.3537E+00   0.3537E+00   0.3537E+00
0.2480E+03   0.3667E+01   0.1440E-01   0.2001E-01   0.3060E-01   0.3988E-01   0.5836E-01   0.7533E-01   0.1094E+00   0.1327E+00   0.1907E+00   0.3112E+00   0.3368E+00   0.3370E+00   0.3364E+00   0.3385E+00   0.3406E+00   0.3424E+00   0.3437E+00   0.3449E+00   0.3459E+00   0.3468E+00   0.3475E+00   0.3482E+00   0.3488E+00   0.3493E+00   0.3498E+00   0.3503E+00   0.3507E+00   0.3511E+00   0.3514E+00   0.3517E+00   0.3520E+00   0.3522E+00   0.3525E+00   0.3527E+00   0.3529E+00   0.3531E+00   0.3531E+00   0.3531E+00   0.3531E+00   0.3531E+00   0.3531E+00
0.2490E+03   0.4000E+01   0.1026E-01   0.1660E-01   0.2188E-01   0.3193E-01   0.4095E-01   0.5910E-01   0.7586E-01   0.1098E+00   0.1329E+00   0.1909E+00   0.3112E+00   0.3369E+00   0.3370E+00   0.3364E+00   0.3385E+00   0.3406E+00   0.3424E+00   0.3437E+00   0.3448E+00   0.3457E+00   0.3466E+00   0.3473E+00   0.3480E+00   0.3486E+00   0.3492E+00   0.3496E+00   0.3501E+00   0.3505E+00   0.3508E+00   0.3512E+00   0.3515E+00   0.3518E+00   0.3520E+00   0.3522E+00   0.3525E+00   0.3527E+00   0.3527E+00   0.3527E+00   0.3527E+00   0.3527E+00   0.3527E+00
0.2500E+03   0.4333E+01   0.8727E-02   0.1194E-01   0.1807E-01   0.2298E-01   0.3286E-01   0.4164E-01   0.5964E-01   0.7622E-01   0.1100E+00   0.1330E+00   0.1910E+00   0.3113E+00   0.3369E+00   0.3370E+00   0.3363E+00   0.3385E+00   0.3405E+00   0.3423E+00   0.3436E+00   0.3447E+00   0.3456E+00   0.3465E+00   0.3472E+00   0.3479E+00   0.3485E+00   0.3490E+00   0.3495E+00   0.3499E+00   0.3503E+00   0.3507E+00   0.3510E+00   0.3513E+00   0.3516E+00   0.3518E+00   0.3520E+00   0.3523E+00   0.3523E+00   0.3523E+00   0.3523E+00   0.3523E+00   0.3523E+00
0.2510E+03   0.4667E+01   0.6383E-02   0.1033E-01   0.1334E-01   0.1915E-01   0.2389E-01   0.3358E-01   0.4221E-01   0.6007E-01   0.7652E-01   0.1102E+00   0.1331E+00   0.1912E+00   0.3113E+00   0.3369E+00   0.3371E+00   0.3364E+00   0.3385E+00   0.3405E+00   0.3423E+00   0.3435E+00   0.3447E+00   0.3456E+00   0.3464E+00   0.3472E+00   0.3478E+00   0.3484E+00   0.3489E+00   0.3494E+00   0.3498E+00   0.3502E+00   0.3506E+00   0.3509E+00   0.3512E+00   0.3514E+00   0.3517E+00   0.3519E+00   0.3519E+00   0.3519E+00   0.3519E+00   0.3519E+00   0.3519E+00
0.2520E+03   0.5000E+01   0.5651E-02   0.7623E-02   0.1145E-01   0.1423E-01   0.1993E-01   0.2452E-01   0.3412E-01   0.4262E-01   0.6039E-01   0.7674E-01   0.1104E+00   0.1332E+00   0.1913E+00   0.3114E+00   0.3370E+00   0.3371E+00   0.3364E+00   0.3385E+00   0.3405E+00   0.3423E+00   0.3435E+00   0.3446E+00   0.3455E+00   0.3464E+00   0.3471E+00   0.3478E+00   0.3483E+00   0.3488E+00   0.3493E+00   0.3497E+00   0.3501E+00   0.3505E+00   0.3508E+00   0.3511E+00   0.3513E+00   0.3516E+00   0.3516E+00   0.3516E+00   0.3516E+00   0.3516E+00   0.3516E+00
0.2530E+03   0.5333E+01   0.4215E-02   0.6831E-02   0.8668E-02   0.1229E-01   0.1496E-01   0.2055E-01   0.2504E-01   0.3454E-01   0.4296E-01   0.6066E-01   0.7693E-01   0.1105E+00   0.1333E+00   0.1913E+00   0.3114E+00   0.3370E+00   0.3371E+00   0.3364E+00   0.3385E+00   0.3405E+00   0.3423E+00   0.3435E+00   0.3446E+00   0.3455E+00   0.3464E+00   0.3470E+00   0.3477E+00   0.3483E+00   0.3488E+00   0.3492E+00   0.3496E+00   0.3500E+00   0.3504E+00   0.3507E+00   0.3510E+00   0.3512E+00   0.3512E+00   0.3512E+00   0.3512E+00   0.3512E+00   0.3512E+00
0.2540E+03   0.5667E+01   0.3858E-02   0.5137E-02   0.7678E-02   0.9361E-02   0.1293E-01   0.1549E-01   0.2102E-01   0.2542E-01   0.3487E-01   0.4322E-01   0.6086E-01   0.7707E-01   0.1106E+00   0.1334E+00   0.1914E+00   0.3114E+00   0.3370E+00   0.3371E+00   0.3364E+00   0.3385E+00   0.3405E+00   0.3422E+00   0.3435E+00   0.3446E+00   0.3455E+00   0.3463E+00   0.3470E+00   0.3477E+00   0.3482E+00   0.3487E+00   0.3492E+00   0.3496E+00   0.3499E+00   0.3503E+00   0.3506E+00   0.3509E+00   0.3509E+00   0.3509E+00   0.3509E+00   0.3509E+00   0.3509E+00
0.2550E+03   0.6000E+01   0.2920E-02   0.4741E-02   0.5928E-02   0.8337E-02   0.9945E-02   0.1343E-01   0.1593E-01   0.2140E-01   0.2574E-01   0.3514E-01   0.4343E-01   0.6103E-01   0.7719E-01   0.1107E+00   0.1334E+00   0.1915E+00   0.3115E+00   0.3370E+00   0.3372E+00   0.3364E+00   0.3385E+00   0.3405E+00   0.3422E+00   0.3435E+00   0.3446E+00   0.3454E+00   0.3463E+00   0.3470E+00   0.3476E+00   0.3482E+00   0.3487E+00   0.3491E+00   0.3495E+00   0.3499E+00   0.3502E+00   0.3505E+00   0.3505E+00   0.3505E+00   0.3505E+00   0.3505E+00   0.3505E+00
0.2560E+03   0.6333E+01   0.2747E-02   0.3618E-02   0.5390E-02   0.6472E-02   0.8843E-02   0.1038E-01   0.1383E-01   0.1626E-01   0.2170E-01   0.2599E-01   0.3535E-01   0.4359E-01   0.6116E-01   0.7729E-01   0.1107E+00   0.1335E+00   0.1915E+00   0.3115E+00   0.3371E+00   0.3372E+00   0.3364E+00   0.3385E+00   0.3405E+00   0.3422E+00   0.3434E+00   0.3445E+00   0.3454E+00   0.3463E+00   0.3469E+00   0.3476E+00   0.3481E+00   0.3486E+00   0.3491E+00   0.3495E+00   0.3498E+00   0.3502E+00   0.3502E+00   0.3502E+00   0.3502E+00   0.3502E+00   0.3502E+00
0.2570E+03   0.6667E+01   0.2104E-02   0.3420E-02   0.4226E-02   0.5908E-02   0.6937E-02   0.9256E-02   0.1074E-01   0.1415E-01   0.1655E-01   0.2195E-01   0.2619E-01   0.3552E-01   0.4373E-01   0.6126E-01   0.7736E-01   0.1108E+00   0.1335E+00   0.1915E+00   0.3115E+00   0.3371E+00   0.3372E+00   0.3364E+00   0.3385E+00   0.3405E+00   0.3422E+00   0.3434E+00   0.3445E+00   0.3454E+00   0.3462E+00   0.3469E+00   0.3475E+00   0.3481E+00   0.3486E+00   0.3490E+00   0.3494E+00   0.3498E+00   0.3498E+00   0.3498E+00   0.3498E+00   0.3498E+00   0.3498E+00
0.2580E+03   0.7000E+01   0.2023E-02   0.2641E-02   0.3925E-02   0.4657E-02   0.6314E-02   0.7291E-02   0.9584E-02   0.1103E-01   0.1441E-01   0.1677E-01   0.2214E-01   0.2636E-01   0.3566E-01   0.4384E-01   0.6135E-01   0.7742E-01   0.1108E+00   0.1335E+00   0.1916E+00   0.3115E+00   0.3371E+00   0.3372E+00   0.3364E+00   0.3385E+00   0.3405E+00   0.3422E+00   0.3434E+00   0.3445E+00   0.3454E+00   0.3462E+00   0.3469E+00   0.3475E+00   0.3480E+00   0.3485E+00   0.3490E+00   0.3494E+00   0.3494E+00   0.3494E+00   0.3494E+00   0.3494E+00   0.3494E+00
0.2590E+03   0.7333E+01   0.1565E-02   0.2545E-02   0.3116E-02   0.4336E-02   0.5029E-02   0.6650E-02   0.7591E-02   0.9857E-02   0.1127E-01   0.1463E-01   0.1695E-01   0.2230E-01   0.2649E-01   0.3577E-01   0.4393E-01   0.6142E-01   0.7747E-01   0.1109E+00   0.1335E+00   0.1916E+00   0.3115E+00   0.3371E+00   0.3372E+00   0.3364E+00   0.3385E+00   0.3405E+00   0.3422E+00   0.3434E+00   0.3445E+00   0.3453E+00   0.3462E+00   0.3468E+00   0.3475E+00   0.3480E+00   0.3485E+00   0.3489E+00   0.3489E+00   0.3489E+00   0.3489E+00   0.3489E+00   0.3489E+00
0.2600E+03   0.7667E+01   0.1531E-02   0.1985E-02   0.2943E-02   0.3461E-02   0.4663E-02   0.5318E-02   0.6921E-02   0.7830E-02   0.1008E-01   0.1146E-01   0.1480E-01   0.1710E-01   0.2244E-01   0.2660E-01   0.3587E-01   0.4400E-01   0.6147E-01   0.7751E-01   0.1109E+00   0.1336E+00   0.1916E+00   0.3115E+00   0.3371E+00   0.3372E+00   0.3364E+00   0.3384E+00   0.3404E+00   0.3422E+00   0.3434E+00   0.3445E+00   0.3453E+00   0.3461E+00   0.3468E+00   0.3474E+00   0.3480E+00   0.3485E+00   0.3485E+00   0.3485E+00   0.3485E+00   0.3485E+00   0.3485E+00
0.2610E+03   0.8000E+01   0.1195E-02   0.1943E-02   0.2362E-02   0.3274E-02   0.3761E-02   0.4938E-02   0.5566E-02   0.7149E-02   0.8033E-02   0.1026E-01   0.1162E-01   0.1495E-01   0.1723E-01   0.2255E-01   0.2669E-01   0.3594E-01   0.4406E-01   0.6152E-01   0.7754E-01   0.1109E+00   0.1336E+00   0.1916E+00   0.3115E+00   0.3371E+00   0.3372E+00   0.3364E+00   0.3384E+00   0.3404E+00   0.3422E+00   0.3434E+00   0.3444E+00   0.3453E+00   0.3461E+00   0.3468E+00   0.3474E+00   0.3479E+00   0.3479E+00   0.3479E+00   0.3479E+00   0.3479E+00   0.3479E+00
0.2620E+03   0.8333E+01   0.1185E-02   0.1529E-02   0.2261E-02   0.2641E-02   0.3540E-02   0.3999E-02   0.5163E-02   0.5767E-02   0.7336E-02   0.8199E-02   0.1041E-01   0.1176E-01   0.1507E-01   0.1733E-01   0.2263E-01   0.2677E-01   0.3600E-01   0.4410E-01   0.6155E-01   0.7757E-01   0.1109E+00   0.1336E+00   0.1916E+00   0.3115E+00   0.3371E+00   0.3372E+00   0.3364E+00   0.3384E+00   0.3404E+00   0.3421E+00   0.3433E+00   0.3444E+00   0.3453E+00   0.3461E+00   0.3467E+00   0.3474E+00   0.3474E+00   0.3474E+00   0.3474E+00   0.3474E+00   0.3474E+00
0.2630E+03   0.8667E+01   0.9335E-03   0.1514E-02   0.1832E-02   0.2529E-02   0.2886E-02   0.3766E-02   0.4205E-02   0.5353E-02   0.5938E-02   0.7494E-02   0.8340E-02   0.1054E-01   0.1187E-01   0.1517E-01   0.1741E-01   0.2271E-01   0.2683E-01   0.3605E-01   0.4414E-01   0.6158E-01   0.7758E-01   0.1109E+00   0.1336E+00   0.1916E+00   0.3115E+00   0.3371E+00   0.3372E+00   0.3364E+00   0.3384E+00   0.3404E+00   0.3421E+00   0.3433E+00   0.3444E+00   0.3453E+00   0.3461E+00   0.3467E+00   0.3467E+00   0.3467E+00   0.3467E+00   0.3467E+00   0.3467E+00
0.2640E+03   0.9000E+01   0.9348E-03   0.1203E-02   0.1772E-02   0.2060E-02   0.2748E-02   0.3083E-02   0.3953E-02   0.4373E-02   0.5511E-02   0.6080E-02   0.7625E-02   0.8456E-02   0.1065E-01   0.1196E-01   0.1525E-01   0.1748E-01   0.2277E-01   0.2688E-01   0.3609E-01   0.4417E-01   0.6160E-01   0.7760E-01   0.1109E+00   0.1336E+00   0.1916E+00   0.3115E+00   0.3371E+00   0.3372E+00   0.3364E+00   0.3384E+00   0.3404E+00   0.3421E+00   0.3433E+00   0.3444E+00   0.3452E+00   0.3460E+00   0.3460E+00   0.3460E+00   0.3460E+00   0.3460E+00   0.3460E+00
0.2650E+03   0.9333E+01   0.7425E-03   0.1201E-02   0.1448E-02   0.1991E-02   0.2262E-02   0.2935E-02   0.3254E-02   0.4112E-02   0.4518E-02   0.5645E-02   0.6201E-02   0.7735E-02   0.8555E-02   0.1074E-01   0.1204E-01   0.1532E-01   0.1754E-01   0.2282E-01   0.2691E-01   0.3612E-01   0.4420E-01   0.6162E-01   0.7761E-01   0.1109E+00   0.1336E+00   0.1916E+00   0.3115E+00   0.3371E+00   0.3371E+00   0.3364E+00   0.3384E+00   0.3404E+00   0.3421E+00   0.3433E+00   0.3444E+00   0.3452E+00   0.3452E+00   0.3452E+00   0.3452E+00   0.3452E+00   0.3452E+00
0.2660E+03   0.9667E+01   0.7487E-03   0.9620E-03   0.1412E-02   0.1636E-02   0.2172E-02   0.2426E-02   0.3091E-02   0.3396E-02   0.4246E-02   0.4639E-02   0.5758E-02   0.6302E-02   0.7828E-02   0.8637E-02   0.1081E-01   0.1210E-01   0.1537E-01   0.1759E-01   0.2285E-01   0.2695E-01   0.3614E-01   0.4421E-01   0.6163E-01   0.7762E-01   0.1109E+00   0.1336E+00   0.1916E+00   0.3115E+00   0.3371E+00   0.3371E+00   0.3364E+00   0.3384E+00   0.3404E+00   0.3421E+00   0.3433E+00   0.3443E+00   0.3443E+00   0.3443E+00   0.3443E+00   0.3443E+00   0.3443E+00
0.2670E+03   0.1000E+02   0.5999E-03   0.9660E-03   0.1164E-02   0.1593E-02   0.1804E-02   0.2328E-02   0.2569E-02   0.3225E-02   0.3519E-02   0.4360E-02   0.4743E-02   0.5853E-02   0.6388E-02   0.7905E-02   0.8706E-02   0.1087E-01   0.1216E-01   0.1542E-01   0.1763E-01   0.2288E-01   0.2697E-01   0.3616E-01   0.4422E-01   0.6163E-01   0.7762E-01   0.1109E+00   0.1336E+00   0.1916E+00   0.3115E+00   0.3370E+00   0.3371E+00   0.3363E+00   0.3384E+00   0.3403E+00   0.3421E+00   0.3433E+00   0.3433E+00   0.3433E+00   0.3433E+00   0.3433E+00   0.3433E+00
0.2680E+03   0.1033E+02   0.6075E-03   0.7808E-03   0.1141E-02   0.1320E-02   0.1744E-02   0.1941E-02   0.2459E-02   0.2689E-02   0.3339E-02   0.3622E-02   0.4457E-02   0.4830E-02   0.5933E-02   0.6460E-02   0.7970E-02   0.8763E-02   0.1092E-01   0.1220E-01   0.1545E-01   0.1766E-01   0.2291E-01   0.2699E-01   0.3617E-01   0.4423E-01   0.6163E-01   0.7762E-01   0.1109E+00   0.1336E+00   0.1915E+00   0.3115E+00   0.3370E+00   0.3371E+00   0.3363E+00   0.3383E+00   0.3403E+00   0.3421E+00   0.3421E+00   0.3421E+00   0.3421E+00   0.3421E+00   0.3421E+00
0.2690E+03   0.1067E+02   0.4911E-03   0.7867E-03   0.9480E-03   0.1291E-02   0.1460E-02   0.1875E-02   0.2062E-02   0.2573E-02   0.2794E-02   0.3436E-02   0.3711E-02   0.4539E-02   0.4905E-02   0.6001E-02   0.6520E-02   0.8024E-02   0.8811E-02   0.1096E-01   0.1223E-01   0.1548E-01   0.1768E-01   0.2292E-01   0.2700E-01   0.3618E-01   0.4424E-01   0.6163E-01   0.7762E-01   0.1109E+00   0.1336E+00   0.1915E+00   0.3115E+00   0.3370E+00   0.3371E+00   0.3363E+00   0.3383E+00   0.3403E+00   0.3403E+00   0.3403E+00   0.3403E+00   0.3403E+00   0.3403E+00
0.2700E+03   0.1100E+02   0.4982E-03   0.6416E-03   0.9322E-03   0.1079E-02   0.1418E-02   0.1576E-02   0.1985E-02   0.2164E-02   0.2669E-02   0.2882E-02   0.3519E-02   0.3787E-02   0.4608E-02   0.4967E-02   0.6057E-02   0.6571E-02   0.8068E-02   0.8850E-02   0.1099E-01   0.1226E-01   0.1550E-01   0.1770E-01   0.2294E-01   0.2701E-01   0.3618E-01   0.4424E-01   0.6163E-01   0.7761E-01   0.1109E+00   0.1336E+00   0.1915E+00   0.3115E+00   0.3370E+00   0.3371E+00   0.3363E+00   0.3383E+00   0.3383E+00   0.3383E+00   0.3383E+00   0.3383E+00   0.3383E+00
0.2710E+03   0.1133E+02   0.4065E-03   0.6472E-03   0.7812E-03   0.1058E-02   0.1197E-02   0.1528E-02   0.1679E-02   0.2082E-02   0.2254E-02   0.2753E-02   0.2959E-02   0.3589E-02   0.3851E-02   0.4666E-02   0.5021E-02   0.6104E-02   0.6614E-02   0.8104E-02   0.8882E-02   0.1102E-01   0.1229E-01   0.1552E-01   0.1771E-01   0.2294E-01   0.2702E-01   0.3618E-01   0.4424E-01   0.6162E-01   0.7761E-01   0.1109E+00   0.1336E+00   0.1915E+00   0.3115E+00   0.3370E+00   0.3371E+00   0.3364E+00   0.3364E+00   0.3364E+00   0.3364E+00   0.3364E+00   0.3364E+00
0.2720E+03   0.1167E+02   0.4123E-03   0.5327E-03   0.7694E-03   0.8916E-03   0.1165E-02   0.1295E-02   0.1622E-02   0.1766E-02   0.2164E-02   0.2330E-02   0.2823E-02   0.3024E-02   0.3649E-02   0.3906E-02   0.4715E-02   0.5065E-02   0.6143E-02   0.6648E-02   0.8133E-02   0.8908E-02   0.1104E-01   0.1230E-01   0.1553E-01   0.1772E-01   0.2295E-01   0.2702E-01   0.3618E-01   0.4423E-01   0.6162E-01   0.7759E-01   0.1109E+00   0.1335E+00   0.1915E+00   0.3115E+00   0.3370E+00   0.3372E+00   0.3372E+00   0.3372E+00   0.3372E+00   0.3372E+00   0.3372E+00
0.2730E+03   0.1200E+02   0.3396E-03   0.5371E-03   0.6501E-03   0.8758E-03   0.9915E-03   0.1259E-02   0.1383E-02   0.1704E-02   0.1842E-02   0.2235E-02   0.2396E-02   0.2884E-02   0.3080E-02   0.3699E-02   0.3953E-02   0.4756E-02   0.5103E-02   0.6175E-02   0.6677E-02   0.8155E-02   0.8928E-02   0.1105E-01   0.1231E-01   0.1554E-01   0.1773E-01   0.2294E-01   0.2701E-01   0.3617E-01   0.4422E-01   0.6161E-01   0.7757E-01   0.1109E+00   0.1335E+00   0.1916E+00   0.3115E+00   0.3372E+00   0.3372E+00   0.3372E+00   0.3372E+00   0.3372E+00   0.3372E+00
0.2740E+03   0.1233E+02   0.3437E-03   0.4464E-03   0.6403E-03   0.7440E-03   0.9662E-03   0.1076E-02   0.1339E-02   0.1458E-02   0.1774E-02   0.1908E-02   0.2295E-02   0.2452E-02   0.2935E-02   0.3128E-02   0.3741E-02   0.3992E-02   0.4789E-02   0.5134E-02   0.6199E-02   0.6701E-02   0.8172E-02   0.8944E-02   0.1106E-01   0.1232E-01   0.1554E-01   0.1773E-01   0.2294E-01   0.2701E-01   0.3617E-01   0.4421E-01   0.6163E-01   0.7755E-01   0.1110E+00   0.1334E+00   0.1919E+00   0.3118E+00   0.3118E+00   0.3118E+00   0.3118E+00   0.3118E+00   0.3118E+00
0.2370E+03   0.1267E+02   0.2861E-03   0.4486E-03   0.5459E-03   0.7302E-03   0.8294E-03   0.1046E-02   0.1151E-02   0.1408E-02   0.1524E-02   0.1835E-02   0.1966E-02   0.2347E-02   0.2502E-02   0.2978E-02   0.3170E-02   0.3775E-02   0.4026E-02   0.4815E-02   0.5161E-02   0.6217E-02   0.6721E-02   0.8182E-02   0.8959E-02   0.1107E-01   0.1233E-01   0.1554E-01   0.1773E-01   0.2294E-01   0.2702E-01   0.3618E-01   0.4423E-01   0.6170E-01   0.7762E-01   0.1113E+00   0.1334E+00   0.1944E+00   0.1944E+00   0.1944E+00   0.1944E+00   0.1944E+00   0.1944E+00
0.1184E+04   0.1293E+02   0.2924E-03   0.3850E-03   0.5447E-03   0.6390E-03   0.8202E-03   0.9202E-03   0.1132E-02   0.1241E-02   0.1494E-02   0.1615E-02   0.1920E-02   0.2060E-02   0.2435E-02   0.2603E-02   0.3073E-02   0.3284E-02   0.3883E-02   0.4161E-02   0.4945E-02   0.5330E-02   0.6383E-02   0.6946E-02   0.8411E-02   0.9277E-02   0.1140E-01   0.1282E-01   0.1607E-01   0.1853E-01   0.2387E-01   0.2843E-01   0.3792E-01   0.4694E-01   0.6510E-01   0.8283E-01   0.1171E+00   0.1418E+00   0.1418E+00   0.1418E+00   0.1418E+00   0.1418E+00   0.1418E+00
0.1185E+04   0.1323E+02   0.2505E-03   0.3854E-03   0.4761E-03   0.6273E-03   0.7209E-03   0.8964E-03   0.9968E-03   0.1203E-02   0.1314E-02   0.1560E-02   0.1685E-02   0.1983E-02   0.2129E-02   0.2497E-02   0.2673E-02   0.3134E-02   0.3358E-02   0.3948E-02   0.4245E-02   0.5018E-02   0.5430E-02   0.6472E-02   0.7075E-02   0.8529E-02   0.9458E-02   0.1158E-01   0.1309E-01   0.1635E-01   0.1898E-01   0.2435E-01   0.2923E-01   0.3884E-01   0.4848E-01   0.6690E-01   0.8581E-01   0.1201E+00   0.1201E+00   0.1201E+00   0.1201E+00   0.1201E+00   0.1201E+00
0.1186E+04   0.1356E+02   0.2479E-03   0.3310E-03   0.4622E-03   0.5474E-03   0.6948E-03   0.7855E-03   0.9563E-03   0.1055E-02   0.1256E-02   0.1365E-02   0.1605E-02   0.1730E-02   0.2021E-02   0.2168E-02   0.2527E-02   0.2707E-02   0.3157E-02   0.3386E-02   0.3963E-02   0.4268E-02   0.5025E-02   0.5449E-02   0.6471E-02   0.7090E-02   0.8518E-02   0.9471E-02   0.1155E-01   0.1310E-01   0.1631E-01   0.1899E-01   0.2429E-01   0.2926E-01   0.3874E-01   0.4855E-01   0.6677E-01   0.8626E-01   0.8626E-01   0.8626E-01   0.8626E-01   0.8626E-01   0.8626E-01
0.1187E+04   0.1393E+02   0.2115E-03   0.3222E-03   0.4010E-03   0.5241E-03   0.6056E-03   0.7472E-03   0.8343E-03   0.9991E-03   0.1094E-02   0.1289E-02   0.1395E-02   0.1627E-02   0.1749E-02   0.2032E-02   0.2175E-02   0.2524E-02   0.2700E-02   0.3138E-02   0.3363E-02   0.3924E-02   0.4224E-02   0.4960E-02   0.5377E-02   0.6369E-02   0.6978E-02   0.8362E-02   0.9296E-02   0.1131E-01   0.1282E-01   0.1592E-01   0.1853E-01   0.2362E-01   0.2842E-01   0.3750E-01   0.4696E-01   0.6450E-01   0.6450E-01   0.6450E-01   0.6450E-01   0.6450E-01   0.6450E-01
0.1188E+04   0.1435E+02   0.2039E-03   0.2738E-03   0.3803E-03   0.4520E-03   0.5707E-03   0.6466E-03   0.7829E-03   0.8646E-03   0.1023E-02   0.1113E-02   0.1300E-02   0.1400E-02   0.1625E-02   0.1740E-02   0.2012E-02   0.2148E-02   0.2484E-02   0.2652E-02   0.3073E-02   0.3287E-02   0.3827E-02   0.4110E-02   0.4817E-02   0.5210E-02   0.6161E-02   0.6733E-02   0.8054E-02   0.8928E-02   0.1084E-01   0.1225E-01   0.1516E-01   0.1757E-01   0.2232E-01   0.2672E-01   0.3513E-01   0.4386E-01   0.4386E-01   0.4386E-01   0.4386E-01   0.4386E-01   0.4386E-01
0.1189E+04   0.1482E+02   0.1712E-03   0.2604E-03   0.3247E-03   0.4235E-03   0.4895E-03   0.6022E-03   0.6720E-03   0.8022E-03   0.8771E-03   0.1029E-02   0.1111E-02   0.1291E-02   0.1382E-02   0.1597E-02   0.1702E-02   0.1963E-02   0.2087E-02   0.2409E-02   0.2560E-02   0.2964E-02   0.3156E-02   0.3671E-02   0.3926E-02   0.4598E-02   0.4951E-02   0.5849E-02   0.6360E-02   0.7599E-02   0.8374E-02   0.1015E-01   0.1139E-01   0.1407E-01   0.1617E-01   0.2047E-01   0.2426E-01   0.3179E-01   0.3179E-01   0.3179E-01   0.3179E-01   0.3179E-01   0.3179E-01
0.1190E+04   0.1535E+02   0.1614E-03   0.2169E-03   0.3017E-03   0.3581E-03   0.4522E-03   0.5112E-03   0.6185E-03   0.6809E-03   0.8048E-03   0.8716E-03   0.1016E-02   0.1089E-02   0.1260E-02   0.1341E-02   0.1545E-02   0.1637E-02   0.1885E-02   0.1993E-02   0.2298E-02   0.2429E-02   0.2811E-02   0.2976E-02   0.3461E-02   0.3678E-02   0.4308E-02   0.4606E-02   0.5443E-02   0.5872E-02   0.7015E-02   0.7661E-02   0.9282E-02   0.1030E-01   0.1271E-01   0.1441E-01   0.1821E-01   0.2130E-01   0.2130E-01   0.2130E-01   0.2130E-01   0.2130E-01   0.2130E-01
0.1191E+04   0.1594E+02   0.1319E-03   0.2024E-03   0.2517E-03   0.3295E-03   0.3794E-03   0.4677E-03   0.5195E-03   0.6208E-03   0.6750E-03   0.7923E-03   0.8497E-03   0.9869E-03   0.1048E-02   0.1211E-02   0.1278E-02   0.1472E-02   0.1548E-02   0.1782E-02   0.1870E-02   0.2158E-02   0.2263E-02   0.2622E-02   0.2752E-02   0.3206E-02   0.3376E-02   0.3961E-02   0.4193E-02   0.4963E-02   0.5293E-02   0.6334E-02   0.6828E-02   0.8281E-02   0.9054E-02   0.1117E-01   0.1244E-01   0.1571E-01   0.1571E-01   0.1571E-01   0.1571E-01   0.1571E-01   0.1571E-01
0.1192E+04   0.1660E+02   0.1222E-03   0.1637E-03   0.2301E-03   0.2718E-03   0.3453E-03   0.3879E-03   0.4713E-03   0.5152E-03   0.6109E-03   0.6562E-03   0.7670E-03   0.8140E-03   0.9436E-03   0.9930E-03   0.1146E-02   0.1199E-02   0.1382E-02   0.1439E-02   0.1660E-02   0.1725E-02   0.1995E-02   0.2070E-02   0.2406E-02   0.2497E-02   0.2919E-02   0.3035E-02   0.3575E-02   0.3732E-02   0.4435E-02   0.4657E-02   0.5596E-02   0.5925E-02   0.7216E-02   0.7726E-02   0.9572E-02   0.1044E-01   0.1044E-01   0.1044E-01   0.1044E-01   0.1044E-01   0.1044E-01
0.1193E+04   0.1735E+02   0.9624E-04   0.1512E-03   0.1870E-03   0.2477E-03   0.2832E-03   0.3520E-03   0.3877E-03   0.4663E-03   0.5022E-03   0.5926E-03   0.6286E-03   0.7333E-03   0.7694E-03   0.8920E-03   0.9283E-03   0.1073E-02   0.1110E-02   0.1282E-02   0.1320E-02   0.1528E-02   0.1567E-02   0.1822E-02   0.1864E-02   0.2178E-02   0.2226E-02   0.2618E-02   0.2677E-02   0.3175E-02   0.3251E-02   0.3894E-02   0.4002E-02   0.4848E-02   0.5009E-02   0.6156E-02   0.6405E-02   0.8006E-02   0.8006E-02   0.8006E-02   0.8006E-02   0.8006E-02   0.8006E-02
0.1194E+04   0.1818E+02   0.8872E-04   0.1188E-03   0.1711E-03   0.2007E-03   0.2586E-03   0.2880E-03   0.3536E-03   0.3825E-03   0.4574E-03   0.4855E-03   0.5716E-03   0.5985E-03   0.6984E-03   0.7236E-03   0.8404E-03   0.8634E-03   0.1001E-02   0.1022E-02   0.1186E-02   0.1203E-02   0.1401E-02   0.1414E-02   0.1654E-02   0.1663E-02   0.1958E-02   0.1962E-02   0.2329E-02   0.2329E-02   0.2791E-02   0.2787E-02   0.3379E-02   0.3373E-02   0.4144E-02   0.4138E-02   0.5173E-02   0.5196E-02   0.5196E-02   0.5196E-02   0.5196E-02   0.5196E-02   0.5196E-02
0.1195E+04   0.1912E+02   0.6771E-04   0.1121E-03   0.1385E-03   0.1878E-03   0.2133E-03   0.2692E-03   0.2938E-03   0.3574E-03   0.3807E-03   0.4535E-03   0.4748E-03   0.5586E-03   0.5773E-03   0.6744E-03   0.6896E-03   0.8032E-03   0.8138E-03   0.9477E-03   0.9525E-03   0.1112E-02   0.1109E-02   0.1300E-02   0.1288E-02   0.1519E-02   0.1496E-02   0.1779E-02   0.1740E-02   0.2090E-02   0.2032E-02   0.2470E-02   0.2387E-02   0.2944E-02   0.2828E-02   0.3550E-02   0.3386E-02   0.4334E-02   0.4334E-02   0.4334E-02   0.4334E-02   0.4334E-02   0.4334E-02
0.1196E+04   0.2017E+02   0.6559E-04   0.9007E-04   0.1355E-03   0.1593E-03   0.2097E-03   0.2328E-03   0.2898E-03   0.3115E-03   0.3763E-03   0.3961E-03   0.4700E-03   0.4869E-03   0.5719E-03   0.5849E-03   0.6833E-03   0.6912E-03   0.8060E-03   0.8072E-03   0.9422E-03   0.9346E-03   0.1095E-02   0.1076E-02   0.1267E-02   0.1234E-02   0.1465E-02   0.1413E-02   0.1695E-02   0.1618E-02   0.1964E-02   0.1855E-02   0.2287E-02   0.2133E-02   0.2680E-02   0.2463E-02   0.3171E-02   0.2879E-02   0.2879E-02   0.2879E-02   0.2879E-02   0.2879E-02   0.2879E-02
0.1197E+04   0.2135E+02   0.5366E-04   0.9746E-04   0.1241E-03   0.1729E-03   0.1988E-03   0.2541E-03   0.2790E-03   0.3416E-03   0.3650E-03   0.4361E-03   0.4570E-03   0.5381E-03   0.5556E-03   0.6485E-03   0.6615E-03   0.7687E-03   0.7755E-03   0.9002E-03   0.8989E-03   0.1045E-02   0.1033E-02   0.1206E-02   0.1180E-02   0.1386E-02   0.1342E-02   0.1590E-02   0.1521E-02   0.1822E-02   0.1722E-02   0.2090E-02   0.1946E-02   0.2405E-02   0.2199E-02   0.2780E-02   0.2485E-02   0.3222E-02   0.3222E-02   0.3222E-02   0.3222E-02   0.3222E-02   0.3222E-02
0.1183E+04   0.2267E+02   0.6544E-04   0.9960E-04   0.1552E-03   0.1900E-03   0.2515E-03   0.2867E-03   0.3558E-03   0.3909E-03   0.4687E-03   0.5029E-03   0.5909E-03   0.6233E-03   0.7234E-03   0.7531E-03   0.8676E-03   0.8935E-03   0.1025E-02   0.1046E-02   0.1199E-02   0.1213E-02   0.1392E-02   0.1396E-02   0.1607E-02   0.1599E-02   0.1850E-02   0.1824E-02   0.2127E-02   0.2078E-02   0.2445E-02   0.2364E-02   0.2815E-02   0.2689E-02   0.3251E-02   0.3060E-02   0.3774E-02   0.3505E-02   0.3505E-02   0.3505E-02   0.3505E-02   0.3505E-02   0.3505E-02
