0.2350E+03   0.0000E+00   -.1885E+00   0.2745E+00   -.8251E-01   0.1394E+00   -.1288E-01   0.5094E-01   -.2972E-01   0.9198E-02   -.3917E-01   -.1227E-01   -.4587E-01   -.2613E-01   -.5079E-01   -.3584E-01   -.5451E-01   -.4303E-01   -.5745E-01   -.4857E-01   -.5984E-01   -.5296E-01   -.6185E-01   -.5650E-01   -.6356E-01   -.5941E-01   -.6504E-01   -.6182E-01   -.6633E-01   -.6383E-01   -.6745E-01   -.6552E-01   -.6844E-01   -.6695E-01   -.6932E-01   -.6816E-01   -.7008E-01   -.6925E-01   -.6925E-01   -.6925E-01   -.6925E-01   -.6925E-01   -.6925E-01
0.2380E+03   0.3333E+00   -.4731E+00   -.2143E+01   -.1854E+01   -.2101E+01   -.1959E+01   -.2075E+01   -.2023E+01   -.2088E+01   -.2055E+01   -.2096E+01   -.2072E+01   -.2102E+01   -.2084E+01   -.2106E+01   -.2093E+01   -.2109E+01   -.2099E+01   -.2112E+01   -.2104E+01   -.2114E+01   -.2108E+01   -.2116E+01   -.2111E+01   -.2117E+01   -.2114E+01   -.2119E+01   -.2116E+01   -.2120E+01   -.2118E+01   -.2121E+01   -.2119E+01   -.2122E+01   -.2121E+01   -.2123E+01   -.2122E+01   -.2124E+01   -.2124E+01   -.2124E+01   -.2124E+01   -.2124E+01   -.2124E+01
0.2390E+03   0.6667E+00   -.3644E+00   0.2324E-01   -.1714E+01   -.1519E+01   -.1728E+01   -.1601E+01   -.1700E+01   -.1655E+01   -.1712E+01   -.1682E+01   -.1719E+01   -.1698E+01   -.1724E+01   -.1708E+01   -.1728E+01   -.1716E+01   -.1731E+01   -.1722E+01   -.1733E+01   -.1726E+01   -.1736E+01   -.1730E+01   -.1737E+01   -.1733E+01   -.1739E+01   -.1735E+01   -.1740E+01   -.1738E+01   -.1741E+01   -.1739E+01   -.1742E+01   -.1741E+01   -.1743E+01   -.1742E+01   -.1744E+01   -.1743E+01   -.1743E+01   -.1743E+01   -.1743E+01   -.1743E+01   -.1743E+01
0.2400E+03   0.1000E+01   -.4528E+01   -.3085E+01   -.2212E+01   -.3843E+01   -.3666E+01   -.3855E+01   -.3735E+01   -.3826E+01   -.3784E+01   -.3837E+01   -.3810E+01   -.3843E+01   -.3824E+01   -.3848E+01   -.3834E+01   -.3852E+01   -.3841E+01   -.3855E+01   -.3846E+01   -.3857E+01   -.3850E+01   -.3859E+01   -.3854E+01   -.3860E+01   -.3857E+01   -.3862E+01   -.3859E+01   -.3863E+01   -.3861E+01   -.3864E+01   -.3862E+01   -.3865E+01   -.3864E+01   -.3866E+01   -.3865E+01   -.3867E+01   -.3867E+01   -.3867E+01   -.3867E+01   -.3867E+01   -.3867E+01
0.2410E+03   0.1333E+01   -.4950E+01   -.4366E+01   -.2921E+01   -.2113E+01   -.3708E+01   -.3541E+01   -.3721E+01   -.3606E+01   -.3691E+01   -.3653E+01   -.3702E+01   -.3677E+01   -.3708E+01   -.3690E+01   -.3713E+01   -.3699E+01   -.3716E+01   -.3706E+01   -.3719E+01   -.3711E+01   -.3721E+01   -.3715E+01   -.3723E+01   -.3718E+01   -.3725E+01   -.3721E+01   -.3726E+01   -.3723E+01   -.3727E+01   -.3725E+01   -.3728E+01   -.3726E+01   -.3729E+01   -.3728E+01   -.3730E+01   -.3729E+01   -.3729E+01   -.3729E+01   -.3729E+01   -.3729E+01   -.3729E+01
0.2420E+03   0.1667E+01   -.4735E+01   -.4807E+01   -.4237E+01   -.2809E+01   -.2039E+01   -.3608E+01   -.3446E+01   -.3621E+01   -.3508E+01   -.3591E+01   -.3554E+01   -.3601E+01   -.3577E+01   -.3607E+01   -.3590E+01   -.3611E+01   -.3599E+01   -.3614E+01   -.3605E+01   -.3617E+01   -.3610E+01   -.3619E+01   -.3614E+01   -.3621E+01   -.3617E+01   -.3622E+01   -.3619E+01   -.3624E+01   -.3621E+01   -.3625E+01   -.3623E+01   -.3626E+01   -.3624E+01   -.3627E+01   -.3626E+01   -.3627E+01   -.3627E+01   -.3627E+01   -.3627E+01   -.3627E+01   -.3627E+01
0.2430E+03   0.2000E+01   -.4972E+01   -.4677E+01   -.4749E+01   -.4184E+01   -.2762E+01   -.2011E+01   -.3567E+01   -.3409E+01   -.3581E+01   -.3470E+01   -.3550E+01   -.3515E+01   -.3560E+01   -.3537E+01   -.3566E+01   -.3550E+01   -.3570E+01   -.3558E+01   -.3573E+01   -.3564E+01   -.3576E+01   -.3569E+01   -.3578E+01   -.3572E+01   -.3579E+01   -.3575E+01   -.3581E+01   -.3578E+01   -.3582E+01   -.3580E+01   -.3583E+01   -.3581E+01   -.3584E+01   -.3583E+01   -.3585E+01   -.3584E+01   -.3584E+01   -.3584E+01   -.3584E+01   -.3584E+01   -.3584E+01
0.2440E+03   0.2333E+01   -.4999E+01   -.4938E+01   -.4647E+01   -.4720E+01   -.4155E+01   -.2735E+01   -.1995E+01   -.3541E+01   -.3386E+01   -.3555E+01   -.3445E+01   -.3524E+01   -.3490E+01   -.3533E+01   -.3512E+01   -.3539E+01   -.3524E+01   -.3543E+01   -.3532E+01   -.3546E+01   -.3538E+01   -.3549E+01   -.3542E+01   -.3551E+01   -.3546E+01   -.3552E+01   -.3548E+01   -.3554E+01   -.3551E+01   -.3555E+01   -.3553E+01   -.3556E+01   -.3554E+01   -.3557E+01   -.3555E+01   -.3558E+01   -.3558E+01   -.3558E+01   -.3558E+01   -.3558E+01   -.3558E+01
0.2450E+03   0.2667E+01   -.5070E+01   -.4967E+01   -.4909E+01   -.4629E+01   -.4704E+01   -.4137E+01   -.2718E+01   -.1985E+01   -.3526E+01   -.3373E+01   -.3540E+01   -.3431E+01   -.3509E+01   -.3475E+01   -.3518E+01   -.3497E+01   -.3524E+01   -.3509E+01   -.3528E+01   -.3517E+01   -.3531E+01   -.3522E+01   -.3533E+01   -.3527E+01   -.3535E+01   -.3530E+01   -.3537E+01   -.3533E+01   -.3538E+01   -.3535E+01   -.3539E+01   -.3537E+01   -.3540E+01   -.3538E+01   -.3541E+01   -.3540E+01   -.3540E+01   -.3540E+01   -.3540E+01   -.3540E+01   -.3540E+01
0.2460E+03   0.3000E+01   -.5051E+01   -.5055E+01   -.4952E+01   -.4898E+01   -.4620E+01   -.4696E+01   -.4128E+01   -.2708E+01   -.1980E+01   -.3516E+01   -.3364E+01   -.3530E+01   -.3422E+01   -.3499E+01   -.3466E+01   -.3508E+01   -.3487E+01   -.3514E+01   -.3499E+01   -.3517E+01   -.3507E+01   -.3520E+01   -.3512E+01   -.3523E+01   -.3516E+01   -.3525E+01   -.3520E+01   -.3526E+01   -.3522E+01   -.3527E+01   -.3525E+01   -.3529E+01   -.3526E+01   -.3530E+01   -.3528E+01   -.3530E+01   -.3530E+01   -.3530E+01   -.3530E+01   -.3530E+01   -.3530E+01
0.2470E+03   0.3333E+01   -.5070E+01   -.5035E+01   -.5040E+01   -.4941E+01   -.4889E+01   -.4615E+01   -.4692E+01   -.4122E+01   -.2701E+01   -.1976E+01   -.3509E+01   -.3359E+01   -.3523E+01   -.3417E+01   -.3492E+01   -.3460E+01   -.3501E+01   -.3481E+01   -.3507E+01   -.3493E+01   -.3511E+01   -.3500E+01   -.3514E+01   -.3506E+01   -.3516E+01   -.3510E+01   -.3518E+01   -.3513E+01   -.3519E+01   -.3516E+01   -.3520E+01   -.3518E+01   -.3522E+01   -.3519E+01   -.3523E+01   -.3521E+01   -.3521E+01   -.3521E+01   -.3521E+01   -.3521E+01   -.3521E+01
0.2480E+03   0.3667E+01   -.5046E+01   -.5064E+01   -.5028E+01   -.5034E+01   -.4936E+01   -.4885E+01   -.4612E+01   -.4690E+01   -.4118E+01   -.2697E+01   -.1974E+01   -.3504E+01   -.3355E+01   -.3519E+01   -.3413E+01   -.3488E+01   -.3456E+01   -.3497E+01   -.3477E+01   -.3502E+01   -.3488E+01   -.3506E+01   -.3496E+01   -.3509E+01   -.3501E+01   -.3511E+01   -.3505E+01   -.3513E+01   -.3508E+01   -.3514E+01   -.3511E+01   -.3516E+01   -.3513E+01   -.3517E+01   -.3514E+01   -.3517E+01   -.3517E+01   -.3517E+01   -.3517E+01   -.3517E+01   -.3517E+01
0.2490E+03   0.4000E+01   -.5053E+01   -.5039E+01   -.5057E+01   -.5022E+01   -.5029E+01   -.4931E+01   -.4882E+01   -.4610E+01   -.4689E+01   -.4116E+01   -.2693E+01   -.1973E+01   -.3501E+01   -.3353E+01   -.3516E+01   -.3410E+01   -.3484E+01   -.3453E+01   -.3494E+01   -.3474E+01   -.3499E+01   -.3485E+01   -.3503E+01   -.3492E+01   -.3505E+01   -.3498E+01   -.3508E+01   -.3502E+01   -.3509E+01   -.3505E+01   -.3511E+01   -.3507E+01   -.3512E+01   -.3509E+01   -.3513E+01   -.3511E+01   -.3511E+01   -.3511E+01   -.3511E+01   -.3511E+01   -.3511E+01
0.2500E+03   0.4333E+01   -.5034E+01   -.5052E+01   -.5036E+01   -.5055E+01   -.5019E+01   -.5027E+01   -.4929E+01   -.4881E+01   -.4610E+01   -.4689E+01   -.4114E+01   -.2691E+01   -.1972E+01   -.3499E+01   -.3351E+01   -.3513E+01   -.3408E+01   -.3482E+01   -.3451E+01   -.3491E+01   -.3472E+01   -.3496E+01   -.3483E+01   -.3500E+01   -.3490E+01   -.3503E+01   -.3495E+01   -.3505E+01   -.3499E+01   -.3507E+01   -.3502E+01   -.3508E+01   -.3505E+01   -.3509E+01   -.3507E+01   -.3510E+01   -.3510E+01   -.3510E+01   -.3510E+01   -.3510E+01   -.3510E+01
0.2510E+03   0.4667E+01   -.5039E+01   -.5031E+01   -.5048E+01   -.5033E+01   -.5052E+01   -.5016E+01   -.5025E+01   -.4927E+01   -.4880E+01   -.4609E+01   -.4689E+01   -.4114E+01   -.2690E+01   -.1971E+01   -.3497E+01   -.3350E+01   -.3512E+01   -.3407E+01   -.3480E+01   -.3449E+01   -.3489E+01   -.3470E+01   -.3495E+01   -.3481E+01   -.3498E+01   -.3488E+01   -.3501E+01   -.3493E+01   -.3503E+01   -.3497E+01   -.3505E+01   -.3500E+01   -.3506E+01   -.3503E+01   -.3507E+01   -.3505E+01   -.3505E+01   -.3505E+01   -.3505E+01   -.3505E+01   -.3505E+01
0.2520E+03   0.5000E+01   -.5025E+01   -.5039E+01   -.5030E+01   -.5048E+01   -.5032E+01   -.5051E+01   -.5015E+01   -.5024E+01   -.4926E+01   -.4880E+01   -.4609E+01   -.4689E+01   -.4113E+01   -.2688E+01   -.1971E+01   -.3496E+01   -.3349E+01   -.3510E+01   -.3406E+01   -.3479E+01   -.3448E+01   -.3488E+01   -.3469E+01   -.3493E+01   -.3480E+01   -.3497E+01   -.3487E+01   -.3500E+01   -.3492E+01   -.3502E+01   -.3496E+01   -.3503E+01   -.3499E+01   -.3505E+01   -.3501E+01   -.3506E+01   -.3506E+01   -.3506E+01   -.3506E+01   -.3506E+01   -.3506E+01
0.2530E+03   0.5333E+01   -.5028E+01   -.5024E+01   -.5038E+01   -.5029E+01   -.5046E+01   -.5030E+01   -.5049E+01   -.5014E+01   -.5023E+01   -.4926E+01   -.4879E+01   -.4609E+01   -.4689E+01   -.4113E+01   -.2688E+01   -.1970E+01   -.3495E+01   -.3348E+01   -.3509E+01   -.3405E+01   -.3478E+01   -.3447E+01   -.3487E+01   -.3468E+01   -.3492E+01   -.3479E+01   -.3496E+01   -.3486E+01   -.3498E+01   -.3491E+01   -.3500E+01   -.3495E+01   -.3502E+01   -.3498E+01   -.3503E+01   -.3500E+01   -.3500E+01   -.3500E+01   -.3500E+01   -.3500E+01   -.3500E+01
0.2540E+03   0.5667E+01   -.5018E+01   -.5029E+01   -.5024E+01   -.5037E+01   -.5028E+01   -.5046E+01   -.5029E+01   -.5049E+01   -.5013E+01   -.5023E+01   -.4925E+01   -.4879E+01   -.4610E+01   -.4690E+01   -.4113E+01   -.2687E+01   -.1970E+01   -.3494E+01   -.3347E+01   -.3509E+01   -.3404E+01   -.3477E+01   -.3446E+01   -.3486E+01   -.3467E+01   -.3491E+01   -.3478E+01   -.3495E+01   -.3485E+01   -.3498E+01   -.3490E+01   -.3500E+01   -.3494E+01   -.3501E+01   -.3497E+01   -.3502E+01   -.3502E+01   -.3502E+01   -.3502E+01   -.3502E+01   -.3502E+01
0.2550E+03   0.6000E+01   -.5021E+01   -.5018E+01   -.5029E+01   -.5023E+01   -.5037E+01   -.5028E+01   -.5045E+01   -.5029E+01   -.5048E+01   -.5013E+01   -.5022E+01   -.4925E+01   -.4879E+01   -.4610E+01   -.4690E+01   -.4113E+01   -.2686E+01   -.1970E+01   -.3494E+01   -.3347E+01   -.3508E+01   -.3404E+01   -.3477E+01   -.3446E+01   -.3486E+01   -.3466E+01   -.3491E+01   -.3477E+01   -.3494E+01   -.3484E+01   -.3497E+01   -.3489E+01   -.3499E+01   -.3493E+01   -.3500E+01   -.3496E+01   -.3496E+01   -.3496E+01   -.3496E+01   -.3496E+01   -.3496E+01
0.2560E+03   0.6333E+01   -.5014E+01   -.5022E+01   -.5018E+01   -.5029E+01   -.5023E+01   -.5037E+01   -.5027E+01   -.5045E+01   -.5028E+01   -.5048E+01   -.5012E+01   -.5022E+01   -.4925E+01   -.4880E+01   -.4610E+01   -.4690E+01   -.4113E+01   -.2686E+01   -.1970E+01   -.3493E+01   -.3347E+01   -.3508E+01   -.3403E+01   -.3476E+01   -.3445E+01   -.3485E+01   -.3466E+01   -.3490E+01   -.3477E+01   -.3494E+01   -.3484E+01   -.3496E+01   -.3489E+01   -.3498E+01   -.3492E+01   -.3500E+01   -.3500E+01   -.3500E+01   -.3500E+01   -.3500E+01   -.3500E+01
0.2570E+03   0.6667E+01   -.5016E+01   -.5014E+01   -.5022E+01   -.5018E+01   -.5029E+01   -.5023E+01   -.5037E+01   -.5027E+01   -.5045E+01   -.5028E+01   -.5048E+01   -.5012E+01   -.5022E+01   -.4925E+01   -.4880E+01   -.4610E+01   -.4690E+01   -.4113E+01   -.2686E+01   -.1970E+01   -.3493E+01   -.3346E+01   -.3507E+01   -.3403E+01   -.3476E+01   -.3445E+01   -.3485E+01   -.3465E+01   -.3490E+01   -.3476E+01   -.3493E+01   -.3483E+01   -.3496E+01   -.3488E+01   -.3498E+01   -.3492E+01   -.3492E+01   -.3492E+01   -.3492E+01   -.3492E+01   -.3492E+01
0.2580E+03   0.7000E+01   -.5011E+01   -.5017E+01   -.5014E+01   -.5023E+01   -.5018E+01   -.5029E+01   -.5023E+01   -.5037E+01   -.5027E+01   -.5045E+01   -.5028E+01   -.5048E+01   -.5012E+01   -.5022E+01   -.4925E+01   -.4880E+01   -.4610E+01   -.4691E+01   -.4113E+01   -.2686E+01   -.1970E+01   -.3493E+01   -.3346E+01   -.3507E+01   -.3403E+01   -.3475E+01   -.3445E+01   -.3484E+01   -.3465E+01   -.3489E+01   -.3476E+01   -.3493E+01   -.3483E+01   -.3495E+01   -.3488E+01   -.3497E+01   -.3497E+01   -.3497E+01   -.3497E+01   -.3497E+01   -.3497E+01
0.2590E+03   0.7333E+01   -.5013E+01   -.5011E+01   -.5017E+01   -.5014E+01   -.5023E+01   -.5018E+01   -.5029E+01   -.5022E+01   -.5037E+01   -.5027E+01   -.5045E+01   -.5028E+01   -.5048E+01   -.5012E+01   -.5022E+01   -.4925E+01   -.4880E+01   -.4611E+01   -.4691E+01   -.4113E+01   -.2686E+01   -.1970E+01   -.3493E+01   -.3346E+01   -.3507E+01   -.3402E+01   -.3475E+01   -.3444E+01   -.3484E+01   -.3465E+01   -.3489E+01   -.3476E+01   -.3493E+01   -.3482E+01   -.3495E+01   -.3488E+01   -.3488E+01   -.3488E+01   -.3488E+01   -.3488E+01   -.3488E+01
0.2600E+03   0.7667E+01   -.5008E+01   -.5014E+01   -.5011E+01   -.5018E+01   -.5015E+01   -.5023E+01   -.5018E+01   -.5029E+01   -.5022E+01   -.5037E+01   -.5027E+01   -.5045E+01   -.5028E+01   -.5048E+01   -.5012E+01   -.5022E+01   -.4925E+01   -.4880E+01   -.4611E+01   -.4691E+01   -.4113E+01   -.2685E+01   -.1970E+01   -.3492E+01   -.3346E+01   -.3507E+01   -.3402E+01   -.3475E+01   -.3444E+01   -.3484E+01   -.3465E+01   -.3489E+01   -.3475E+01   -.3492E+01   -.3482E+01   -.3494E+01   -.3494E+01   -.3494E+01   -.3494E+01   -.3494E+01   -.3494E+01
0.2610E+03   0.8000E+01   -.5010E+01   -.5009E+01   -.5014E+01   -.5012E+01   -.5018E+01   -.5015E+01   -.5023E+01   -.5018E+01   -.5029E+01   -.5022E+01   -.5037E+01   -.5027E+01   -.5045E+01   -.5028E+01   -.5048E+01   -.5012E+01   -.5022E+01   -.4925E+01   -.4880E+01   -.4611E+01   -.4691E+01   -.4113E+01   -.2685E+01   -.1970E+01   -.3492E+01   -.3346E+01   -.3507E+01   -.3402E+01   -.3475E+01   -.3444E+01   -.3484E+01   -.3464E+01   -.3489E+01   -.3475E+01   -.3492E+01   -.3483E+01   -.3483E+01   -.3483E+01   -.3483E+01   -.3483E+01   -.3483E+01
0.2620E+03   0.8333E+01   -.5007E+01   -.5011E+01   -.5009E+01   -.5014E+01   -.5012E+01   -.5018E+01   -.5015E+01   -.5023E+01   -.5018E+01   -.5029E+01   -.5023E+01   -.5037E+01   -.5027E+01   -.5045E+01   -.5028E+01   -.5048E+01   -.5012E+01   -.5023E+01   -.4926E+01   -.4881E+01   -.4611E+01   -.4691E+01   -.4113E+01   -.2685E+01   -.1970E+01   -.3492E+01   -.3346E+01   -.3506E+01   -.3402E+01   -.3475E+01   -.3444E+01   -.3484E+01   -.3464E+01   -.3488E+01   -.3475E+01   -.3491E+01   -.3491E+01   -.3491E+01   -.3491E+01   -.3491E+01   -.3491E+01
0.2630E+03   0.8667E+01   -.5008E+01   -.5007E+01   -.5011E+01   -.5009E+01   -.5015E+01   -.5012E+01   -.5019E+01   -.5015E+01   -.5023E+01   -.5018E+01   -.5029E+01   -.5023E+01   -.5037E+01   -.5027E+01   -.5045E+01   -.5028E+01   -.5048E+01   -.5012E+01   -.5023E+01   -.4926E+01   -.4881E+01   -.4611E+01   -.4691E+01   -.4113E+01   -.2685E+01   -.1970E+01   -.3492E+01   -.3346E+01   -.3506E+01   -.3402E+01   -.3475E+01   -.3444E+01   -.3484E+01   -.3464E+01   -.3488E+01   -.3476E+01   -.3476E+01   -.3476E+01   -.3476E+01   -.3476E+01   -.3476E+01
0.2640E+03   0.9000E+01   -.5005E+01   -.5009E+01   -.5008E+01   -.5012E+01   -.5010E+01   -.5015E+01   -.5012E+01   -.5019E+01   -.5015E+01   -.5024E+01   -.5019E+01   -.5030E+01   -.5023E+01   -.5037E+01   -.5027E+01   -.5045E+01   -.5028E+01   -.5048E+01   -.5013E+01   -.5023E+01   -.4926E+01   -.4881E+01   -.4611E+01   -.4691E+01   -.4113E+01   -.2685E+01   -.1970E+01   -.3492E+01   -.3346E+01   -.3506E+01   -.3402E+01   -.3475E+01   -.3444E+01   -.3483E+01   -.3464E+01   -.3488E+01   -.3488E+01   -.3488E+01   -.3488E+01   -.3488E+01   -.3488E+01
0.2650E+03   0.9333E+01   -.5007E+01   -.5006E+01   -.5009E+01   -.5008E+01   -.5012E+01   -.5010E+01   -.5015E+01   -.5012E+01   -.5019E+01   -.5015E+01   -.5024E+01   -.5019E+01   -.5030E+01   -.5023E+01   -.5037E+01   -.5027E+01   -.5045E+01   -.5028E+01   -.5049E+01   -.5013E+01   -.5023E+01   -.4926E+01   -.4881E+01   -.4612E+01   -.4692E+01   -.4114E+01   -.2685E+01   -.1970E+01   -.3492E+01   -.3346E+01   -.3506E+01   -.3402E+01   -.3475E+01   -.3444E+01   -.3483E+01   -.3465E+01   -.3465E+01   -.3465E+01   -.3465E+01   -.3465E+01   -.3465E+01
0.2660E+03   0.9667E+01   -.5005E+01   -.5007E+01   -.5006E+01   -.5010E+01   -.5008E+01   -.5012E+01   -.5010E+01   -.5015E+01   -.5012E+01   -.5019E+01   -.5015E+01   -.5024E+01   -.5019E+01   -.5030E+01   -.5023E+01   -.5037E+01   -.5027E+01   -.5045E+01   -.5028E+01   -.5049E+01   -.5013E+01   -.5023E+01   -.4926E+01   -.4881E+01   -.4612E+01   -.4692E+01   -.4114E+01   -.2685E+01   -.1970E+01   -.3492E+01   -.3346E+01   -.3506E+01   -.3402E+01   -.3475E+01   -.3444E+01   -.3482E+01   -.3482E+01   -.3482E+01   -.3482E+01   -.3482E+01   -.3482E+01
0.2670E+03   0.1000E+02   -.5005E+01   -.5005E+01   -.5008E+01   -.5007E+01   -.5010E+01   -.5008E+01   -.5012E+01   -.5010E+01   -.5016E+01   -.5013E+01   -.5019E+01   -.5015E+01   -.5024E+01   -.5019E+01   -.5030E+01   -.5023E+01   -.5037E+01   -.5027E+01   -.5045E+01   -.5028E+01   -.5049E+01   -.5013E+01   -.5023E+01   -.4927E+01   -.4881E+01   -.4612E+01   -.4692E+01   -.4114E+01   -.2686E+01   -.1970E+01   -.3492E+01   -.3346E+01   -.3507E+01   -.3402E+01   -.3475E+01   -.3445E+01   -.3445E+01   -.3445E+01   -.3445E+01   -.3445E+01   -.3445E+01
0.2680E+03   0.1033E+02   -.5004E+01   -.5006E+01   -.5005E+01   -.5008E+01   -.5007E+01   -.5010E+01   -.5009E+01   -.5013E+01   -.5011E+01   -.5016E+01   -.5013E+01   -.5020E+01   -.5016E+01   -.5024E+01   -.5019E+01   -.5030E+01   -.5023E+01   -.5038E+01   -.5028E+01   -.5046E+01   -.5029E+01   -.5049E+01   -.5013E+01   -.5024E+01   -.4927E+01   -.4882E+01   -.4612E+01   -.4692E+01   -.4114E+01   -.2686E+01   -.1970E+01   -.3492E+01   -.3346E+01   -.3507E+01   -.3402E+01   -.3473E+01   -.3473E+01   -.3473E+01   -.3473E+01   -.3473E+01   -.3473E+01
0.2690E+03   0.1067E+02   -.5005E+01   -.5004E+01   -.5006E+01   -.5006E+01   -.5008E+01   -.5007E+01   -.5010E+01   -.5009E+01   -.5013E+01   -.5011E+01   -.5016E+01   -.5013E+01   -.5020E+01   -.5016E+01   -.5024E+01   -.5019E+01   -.5030E+01   -.5023E+01   -.5038E+01   -.5028E+01   -.5046E+01   -.5029E+01   -.5049E+01   -.5014E+01   -.5024E+01   -.4927E+01   -.4882E+01   -.4612E+01   -.4692E+01   -.4115E+01   -.2686E+01   -.1970E+01   -.3492E+01   -.3346E+01   -.3506E+01   -.3405E+01   -.3405E+01   -.3405E+01   -.3405E+01   -.3405E+01   -.3405E+01
0.2700E+03   0.1100E+02   -.5003E+01   -.5005E+01   -.5005E+01   -.5007E+01   -.5006E+01   -.5009E+01   -.5007E+01   -.5011E+01   -.5009E+01   -.5013E+01   -.5011E+01   -.5016E+01   -.5013E+01   -.5020E+01   -.5016E+01   -.5025E+01   -.5020E+01   -.5031E+01   -.5024E+01   -.5038E+01   -.5028E+01   -.5046E+01   -.5029E+01   -.5049E+01   -.5014E+01   -.5024E+01   -.4927E+01   -.4882E+01   -.4613E+01   -.4692E+01   -.4115E+01   -.2686E+01   -.1970E+01   -.3492E+01   -.3347E+01   -.3504E+01   -.3504E+01   -.3504E+01   -.3504E+01   -.3504E+01   -.3504E+01
0.2710E+03   0.1133E+02   -.5004E+01   -.5004E+01   -.5005E+01   -.5005E+01   -.5007E+01   -.5006E+01   -.5009E+01   -.5008E+01   -.5011E+01   -.5009E+01   -.5013E+01   -.5011E+01   -.5016E+01   -.5013E+01   -.5020E+01   -.5016E+01   -.5025E+01   -.5020E+01   -.5031E+01   -.5024E+01   -.5038E+01   -.5028E+01   -.5046E+01   -.5029E+01   -.5050E+01   -.5014E+01   -.5024E+01   -.4928E+01   -.4882E+01   -.4613E+01   -.4692E+01   -.4115E+01   -.2685E+01   -.1971E+01   -.3492E+01   -.3351E+01   -.3351E+01   -.3351E+01   -.3351E+01   -.3351E+01   -.3351E+01
0.2720E+03   0.1167E+02   -.5003E+01   -.5004E+01   -.5004E+01   -.5006E+01   -.5005E+01   -.5007E+01   -.5006E+01   -.5009E+01   -.5008E+01   -.5011E+01   -.5010E+01   -.5014E+01   -.5011E+01   -.5017E+01   -.5014E+01   -.5020E+01   -.5017E+01   -.5025E+01   -.5020E+01   -.5031E+01   -.5024E+01   -.5038E+01   -.5029E+01   -.5047E+01   -.5030E+01   -.5050E+01   -.5014E+01   -.5025E+01   -.4928E+01   -.4883E+01   -.4613E+01   -.4693E+01   -.4115E+01   -.2685E+01   -.1972E+01   -.3486E+01   -.3486E+01   -.3486E+01   -.3486E+01   -.3486E+01   -.3486E+01
0.2730E+03   0.1200E+02   -.5003E+01   -.5003E+01   -.5005E+01   -.5004E+01   -.5006E+01   -.5005E+01   -.5008E+01   -.5007E+01   -.5009E+01   -.5008E+01   -.5011E+01   -.5010E+01   -.5014E+01   -.5012E+01   -.5017E+01   -.5014E+01   -.5021E+01   -.5017E+01   -.5025E+01   -.5020E+01   -.5031E+01   -.5025E+01   -.5039E+01   -.5029E+01   -.5047E+01   -.5030E+01   -.5050E+01   -.5015E+01   -.5025E+01   -.4928E+01   -.4883E+01   -.4613E+01   -.4694E+01   -.4114E+01   -.2684E+01   -.1977E+01   -.1977E+01   -.1977E+01   -.1977E+01   -.1977E+01   -.1977E+01
0.2740E+03   0.1233E+02   -.5003E+01   -.5004E+01   -.5004E+01   -.5005E+01   -.5005E+01   -.5006E+01   -.5006E+01   -.5008E+01   -.5007E+01   -.5010E+01   -.5008E+01   -.5012E+01   -.5010E+01   -.5014E+01   -.5012E+01   -.5017E+01   -.5014E+01   -.5021E+01   -.5017E+01   -.5026E+01   -.5021E+01   -.5032E+01   -.5025E+01   -.5039E+01   -.5029E+01   -.5047E+01   -.5030E+01   -.5051E+01   -.5015E+01   -.5025E+01   -.4928E+01   -.4884E+01   -.4612E+01   -.4695E+01   -.4108E+01   -.2681E+01   -.2681E+01   -.2681E+01   -.2681E+01   -.2681E+01   -.2681E+01
0.2370E+03   0.1267E+02   -.4996E+01   -.5012E+01   -.4995E+01   -.5015E+01   -.4993E+01   -.5020E+01   -.4990E+01   -.5025E+01   -.4987E+01   -.5031E+01   -.4983E+01   -.5038E+01   -.4979E+01   -.5048E+01   -.4973E+01   -.5059E+01   -.4965E+01   -.5073E+01   -.4956E+01   -.5090E+01   -.4944E+01   -.5113E+01   -.4929E+01   -.5141E+01   -.4910E+01   -.5177E+01   -.4882E+01   -.5221E+01   -.4837E+01   -.5267E+01   -.4742E+01   -.5283E+01   -.4477E+01   -.5175E+01   -.3870E+01   -.5395E+01   -.5395E+01   -.5395E+01   -.5395E+01   -.5395E+01   -.5395E+01
0.1184E+04   0.1293E+02   -.5002E+01   -.5003E+01   -.5003E+01   -.5004E+01   -.5004E+01   -.5006E+01   -.5005E+01   -.5007E+01   -.5007E+01   -.5008E+01   -.5008E+01   -.5010E+01   -.5009E+01   -.5012E+01   -.5011E+01   -.5014E+01   -.5013E+01   -.5017E+01   -.5016E+01   -.5021E+01   -.5019E+01   -.5025E+01   -.5024E+01   -.5031E+01   -.5029E+01   -.5038E+01   -.5035E+01   -.5045E+01   -.5039E+01   -.5046E+01   -.5026E+01   -.5014E+01   -.4936E+01   -.4850E+01   -.4584E+01   -.4711E+01   -.4711E+01   -.4711E+01   -.4711E+01   -.4711E+01   -.4711E+01
0.1185E+04   0.1323E+02   -.5002E+01   -.5003E+01   -.5004E+01   -.5004E+01   -.5005E+01   -.5005E+01   -.5006E+01   -.5006E+01   -.5007E+01   -.5007E+01   -.5009E+01   -.5008E+01   -.5010E+01   -.5010E+01   -.5012E+01   -.5012E+01   -.5015E+01   -.5014E+01   -.5018E+01   -.5017E+01   -.5021E+01   -.5020E+01   -.5026E+01   -.5025E+01   -.5032E+01   -.5030E+01   -.5039E+01   -.5036E+01   -.5045E+01   -.5039E+01   -.5046E+01   -.5025E+01   -.5008E+01   -.4928E+01   -.4826E+01   -.4597E+01   -.4597E+01   -.4597E+01   -.4597E+01   -.4597E+01   -.4597E+01
0.1186E+04   0.1356E+02   -.5002E+01   -.5003E+01   -.5003E+01   -.5004E+01   -.5004E+01   -.5005E+01   -.5005E+01   -.5006E+01   -.5006E+01   -.5007E+01   -.5007E+01   -.5009E+01   -.5009E+01   -.5011E+01   -.5010E+01   -.5013E+01   -.5012E+01   -.5015E+01   -.5014E+01   -.5018E+01   -.5017E+01   -.5022E+01   -.5021E+01   -.5026E+01   -.5025E+01   -.5032E+01   -.5031E+01   -.5039E+01   -.5037E+01   -.5046E+01   -.5040E+01   -.5045E+01   -.5026E+01   -.5007E+01   -.4928E+01   -.4820E+01   -.4820E+01   -.4820E+01   -.4820E+01   -.4820E+01   -.4820E+01
0.1187E+04   0.1393E+02   -.5002E+01   -.5002E+01   -.5003E+01   -.5003E+01   -.5004E+01   -.5004E+01   -.5005E+01   -.5005E+01   -.5006E+01   -.5006E+01   -.5008E+01   -.5008E+01   -.5009E+01   -.5009E+01   -.5011E+01   -.5011E+01   -.5013E+01   -.5013E+01   -.5015E+01   -.5015E+01   -.5018E+01   -.5018E+01   -.5022E+01   -.5021E+01   -.5026E+01   -.5026E+01   -.5032E+01   -.5031E+01   -.5039E+01   -.5037E+01   -.5046E+01   -.5041E+01   -.5046E+01   -.5028E+01   -.5011E+01   -.4938E+01   -.4938E+01   -.4938E+01   -.4938E+01   -.4938E+01   -.4938E+01
0.1188E+04   0.1435E+02   -.5002E+01   -.5002E+01   -.5003E+01   -.5003E+01   -.5004E+01   -.5004E+01   -.5005E+01   -.5005E+01   -.5006E+01   -.5007E+01   -.5007E+01   -.5008E+01   -.5008E+01   -.5009E+01   -.5009E+01   -.5011E+01   -.5011E+01   -.5013E+01   -.5013E+01   -.5015E+01   -.5015E+01   -.5018E+01   -.5018E+01   -.5022E+01   -.5021E+01   -.5026E+01   -.5026E+01   -.5032E+01   -.5031E+01   -.5038E+01   -.5037E+01   -.5046E+01   -.5042E+01   -.5048E+01   -.5033E+01   -.5019E+01   -.5019E+01   -.5019E+01   -.5019E+01   -.5019E+01   -.5019E+01
0.1189E+04   0.1482E+02   -.5002E+01   -.5002E+01   -.5003E+01   -.5003E+01   -.5004E+01   -.5004E+01   -.5005E+01   -.5005E+01   -.5006E+01   -.5006E+01   -.5007E+01   -.5007E+01   -.5008E+01   -.5008E+01   -.5010E+01   -.5010E+01   -.5011E+01   -.5011E+01   -.5013E+01   -.5013E+01   -.5015E+01   -.5015E+01   -.5018E+01   -.5018E+01   -.5022E+01   -.5022E+01   -.5026E+01   -.5026E+01   -.5031E+01   -.5031E+01   -.5038E+01   -.5038E+01   -.5045E+01   -.5043E+01   -.5049E+01   -.5039E+01   -.5039E+01   -.5039E+01   -.5039E+01   -.5039E+01   -.5039E+01
0.1190E+04   0.1535E+02   -.5002E+01   -.5002E+01   -.5002E+01   -.5003E+01   -.5003E+01   -.5004E+01   -.5004E+01   -.5005E+01   -.5005E+01   -.5006E+01   -.5006E+01   -.5007E+01   -.5007E+01   -.5008E+01   -.5009E+01   -.5010E+01   -.5010E+01   -.5011E+01   -.5012E+01   -.5013E+01   -.5014E+01   -.5016E+01   -.5016E+01   -.5018E+01   -.5018E+01   -.5021E+01   -.5022E+01   -.5025E+01   -.5026E+01   -.5031E+01   -.5031E+01   -.5037E+01   -.5037E+01   -.5044E+01   -.5044E+01   -.5050E+01   -.5050E+01   -.5050E+01   -.5050E+01   -.5050E+01   -.5050E+01
0.1191E+04   0.1594E+02   -.5002E+01   -.5002E+01   -.5002E+01   -.5003E+01   -.5003E+01   -.5004E+01   -.5004E+01   -.5005E+01   -.5005E+01   -.5006E+01   -.5006E+01   -.5007E+01   -.5007E+01   -.5008E+01   -.5009E+01   -.5009E+01   -.5010E+01   -.5010E+01   -.5012E+01   -.5012E+01   -.5014E+01   -.5014E+01   -.5016E+01   -.5016E+01   -.5018E+01   -.5019E+01   -.5021E+01   -.5022E+01   -.5025E+01   -.5026E+01   -.5030E+01   -.5031E+01   -.5036E+01   -.5037E+01   -.5043E+01   -.5044E+01   -.5044E+01   -.5044E+01   -.5044E+01   -.5044E+01   -.5044E+01
0.1192E+04   0.1660E+02   -.5001E+01   -.5002E+01   -.5002E+01   -.5003E+01   -.5003E+01   -.5004E+01   -.5004E+01   -.5005E+01   -.5005E+01   -.5006E+01   -.5006E+01   -.5007E+01   -.5007E+01   -.5008E+01   -.5008E+01   -.5009E+01   -.5010E+01   -.5011E+01   -.5011E+01   -.5012E+01   -.5013E+01   -.5014E+01   -.5015E+01   -.5016E+01   -.5017E+01   -.5019E+01   -.5019E+01   -.5021E+01   -.5022E+01   -.5025E+01   -.5026E+01   -.5029E+01   -.5031E+01   -.5035E+01   -.5037E+01   -.5042E+01   -.5042E+01   -.5042E+01   -.5042E+01   -.5042E+01   -.5042E+01
0.1193E+04   0.1735E+02   -.5001E+01   -.5002E+01   -.5002E+01   -.5003E+01   -.5003E+01   -.5003E+01   -.5004E+01   -.5004E+01   -.5005E+01   -.5005E+01   -.5006E+01   -.5007E+01   -.5007E+01   -.5008E+01   -.5008E+01   -.5009E+01   -.5010E+01   -.5010E+01   -.5011E+01   -.5012E+01   -.5013E+01   -.5014E+01   -.5015E+01   -.5016E+01   -.5017E+01   -.5018E+01   -.5019E+01   -.5020E+01   -.5022E+01   -.5023E+01   -.5025E+01   -.5027E+01   -.5029E+01   -.5032E+01   -.5035E+01   -.5037E+01   -.5037E+01   -.5037E+01   -.5037E+01   -.5037E+01   -.5037E+01
0.1194E+04   0.1818E+02   -.5001E+01   -.5002E+01   -.5002E+01   -.5003E+01   -.5003E+01   -.5004E+01   -.5004E+01   -.5005E+01   -.5005E+01   -.5006E+01   -.5006E+01   -.5007E+01   -.5007E+01   -.5008E+01   -.5009E+01   -.5009E+01   -.5010E+01   -.5011E+01   -.5012E+01   -.5012E+01   -.5013E+01   -.5014E+01   -.5015E+01   -.5016E+01   -.5017E+01   -.5018E+01   -.5020E+01   -.5021E+01   -.5022E+01   -.5023E+01   -.5025E+01   -.5027E+01   -.5029E+01   -.5031E+01   -.5034E+01   -.5035E+01   -.5035E+01   -.5035E+01   -.5035E+01   -.5035E+01   -.5035E+01
0.1195E+04   0.1912E+02   -.5001E+01   -.5002E+01   -.5002E+01   -.5003E+01   -.5003E+01   -.5004E+01   -.5004E+01   -.5005E+01   -.5005E+01   -.5006E+01   -.5007E+01   -.5007E+01   -.5008E+01   -.5009E+01   -.5009E+01   -.5010E+01   -.5011E+01   -.5012E+01   -.5013E+01   -.5014E+01   -.5014E+01   -.5016E+01   -.5016E+01   -.5018E+01   -.5018E+01   -.5020E+01   -.5021E+01   -.5023E+01   -.5023E+01   -.5026E+01   -.5026E+01   -.5029E+01   -.5030E+01   -.5033E+01   -.5034E+01   -.5038E+01   -.5038E+01   -.5038E+01   -.5038E+01   -.5038E+01   -.5038E+01
0.1196E+04   0.2017E+02   -.5001E+01   -.5002E+01   -.5002E+01   -.5003E+01   -.5003E+01   -.5004E+01   -.5005E+01   -.5005E+01   -.5006E+01   -.5007E+01   -.5008E+01   -.5008E+01   -.5009E+01   -.5010E+01   -.5011E+01   -.5012E+01   -.5013E+01   -.5013E+01   -.5015E+01   -.5015E+01   -.5017E+01   -.5018E+01   -.5019E+01   -.5020E+01   -.5022E+01   -.5022E+01   -.5025E+01   -.5025E+01   -.5028E+01   -.5028E+01   -.5032E+01   -.5032E+01   -.5036E+01   -.5036E+01   -.5041E+01   -.5041E+01   -.5041E+01   -.5041E+01   -.5041E+01   -.5041E+01   -.5041E+01
0.1197E+04   0.2135E+02   -.5001E+01   -.5002E+01   -.5002E+01   -.5003E+01   -.5004E+01   -.5005E+01   -.5006E+01   -.5007E+01   -.5007E+01   -.5008E+01   -.5009E+01   -.5010E+01   -.5011E+01   -.5012E+01   -.5013E+01   -.5015E+01   -.5015E+01   -.5017E+01   -.5018E+01   -.5020E+01   -.5020E+01   -.5023E+01   -.5023E+01   -.5026E+01   -.5026E+01   -.5029E+01   -.5030E+01   -.5033E+01   -.5034E+01   -.5038E+01   -.5038E+01   -.5043E+01   -.5043E+01   -.5049E+01   -.5049E+01   -.5056E+01   -.5056E+01   -.5056E+01   -.5056E+01   -.5056E+01   -.5056E+01
0.1183E+04   0.2267E+02   -.5001E+01   -.5002E+01   -.5003E+01   -.5003E+01   -.5004E+01   -.5005E+01   -.5006E+01   -.5007E+01   -.5008E+01   -.5009E+01   -.5010E+01   -.5011E+01   -.5013E+01   -.5013E+01   -.5015E+01   -.5016E+01   -.5018E+01   -.5019E+01   -.5021E+01   -.5022E+01   -.5024E+01   -.5025E+01   -.5028E+01   -.5028E+01   -.5032E+01   -.5032E+01   -.5036E+01   -.5037E+01   -.5041E+01   -.5042E+01   -.5047E+01   -.5047E+01   -.5054E+01   -.5054E+01   -.5061E+01   -.5061E+01   -.5061E+01   -.5061E+01   -.5061E+01   -.5061E+01   -.5061E+01
