          Time          EPELX           EPELY           EPELZ          EPELXY          EPELYZ          EPELXZ           EPEL1          EPEL2          EPEL3         EPELINT          EPELEQ
   1.00000E-05     0.0000         0.0000         0.0000         0.0000         0.0000         0.0000         0.0000         0.0000         0.0000         0.0000         0.0000
   2.00000E-05     0.0000         0.0000         0.0000         0.0000         0.0000         0.0000         0.0000         0.0000         0.0000         0.0000         0.0000
   3.50000E-05     0.0000         0.0000         0.0000         0.0000         0.0000         0.0000         0.0000         0.0000         0.0000         0.0000         0.0000
   5.75000E-05     0.0000         0.0000         0.0000         0.0000         0.0000         0.0000         0.0000         0.0000         0.0000         0.0000         0.0000
   7.87500E-05     0.0000         0.0000         0.0000         0.0000         0.0000         0.0000         0.0000         0.0000         0.0000         0.0000         0.0000
   1.00000E-04     0.0000         0.0000         0.0000         0.0000         0.0000         0.0000         0.0000         0.0000         0.0000         0.0000         0.0000
   1.09900E-03    3.90000E-04   -1.00000E-03    3.90000E-04    3.25261E-19   -5.42101E-20   -1.08420E-19    3.90000E-04    3.90000E-04   -1.00000E-03    1.39000E-03    9.26667E-04
   2.09800E-03    7.80000E-04   -2.00000E-03    7.80000E-04     0.0000       -3.25261E-19    1.08420E-19    7.80000E-04    7.80000E-04   -2.00000E-03    2.78000E-03    1.85333E-03
   3.09800E-03    1.17039E-03   -3.00100E-03    1.17039E-03    2.16840E-19    1.08420E-19    4.33681E-19    1.17039E-03    1.17039E-03   -3.00100E-03    4.17139E-03    2.78093E-03
   4.09800E-03    1.40019E-03   -3.59645E-03    1.40019E-03     0.0000       -9.66530E-20    2.89959E-19    1.40019E-03    1.40019E-03   -3.59645E-03    4.99664E-03    3.33109E-03
   5.09800E-03    1.48974E-03   -3.82614E-03    1.48974E-03    3.56164E-19   -7.02664E-19    6.83336E-19    1.48974E-03    1.48974E-03   -3.82614E-03    5.31588E-03    3.54392E-03
   6.09800E-03    1.58113E-03   -4.05453E-03    1.58113E-03   -6.42952E-20   -5.82815E-19    5.66784E-19    1.58113E-03    1.58113E-03   -4.05453E-03    5.63566E-03    3.75711E-03
   7.09800E-03    1.67091E-03   -4.28406E-03    1.67091E-03   -5.38339E-20    2.38249E-19   -1.34102E-18    1.67091E-03    1.67091E-03   -4.28406E-03    5.95497E-03    3.96998E-03
   8.09800E-03    1.76040E-03   -4.51379E-03    1.76040E-03   -4.54528E-20    1.11657E-18    5.15489E-19    1.76040E-03    1.76040E-03   -4.51379E-03    6.27420E-03    4.18280E-03
   9.09800E-03    1.84995E-03   -4.74348E-03    1.84995E-03   -7.76551E-19    1.50330E-18   -1.14875E-19    1.84995E-03    1.84995E-03   -4.74348E-03    6.59344E-03    4.39563E-03
   1.00980E-02    1.93953E-03   -4.97316E-03    1.93953E-03   -6.65213E-19   -5.69745E-19   -9.84048E-20    1.93953E-03    1.93953E-03   -4.97316E-03    6.91269E-03    4.60846E-03
   1.10980E-02    2.02910E-03   -5.20283E-03    2.02910E-03    1.74269E-19   -3.85598E-18    2.89035E-19    2.02910E-03    2.02910E-03   -5.20283E-03    7.23194E-03    4.82129E-03
   1.20980E-02    2.11868E-03   -5.43251E-03    2.11868E-03    1.51115E-19    7.93006E-19   -8.77550E-19    2.11868E-03    2.11868E-03   -5.43251E-03    7.55118E-03    5.03412E-03
   1.30980E-02    2.20825E-03   -5.66218E-03    2.20825E-03   -1.38065E-18    6.91371E-19   -1.52128E-18    2.20825E-03    2.20825E-03   -5.66218E-03    7.87043E-03    5.24696E-03
   1.40980E-02    2.29782E-03   -5.89186E-03    2.29782E-03   -4.49748E-19    3.26577E-18    9.47019E-19    2.29782E-03    2.29782E-03   -5.89186E-03    8.18968E-03    5.45979E-03
   1.50980E-02    2.38740E-03   -6.12153E-03    2.38740E-03   -3.95914E-19   -5.61068E-19   -3.11648E-19    2.38740E-03    2.38740E-03   -6.12153E-03    8.50893E-03    5.67262E-03
   1.60980E-02    2.47697E-03   -6.35121E-03    2.47697E-03   -1.11690E-18    2.70803E-19    2.40847E-18    2.47697E-03    2.47697E-03   -6.35121E-03    8.82818E-03    5.88545E-03
   1.70980E-02    2.56654E-03   -6.58088E-03    2.56654E-03    5.48454E-19    2.40397E-19    3.29301E-18    2.56654E-03    2.56654E-03   -6.58088E-03    9.14743E-03    6.09828E-03
   1.80980E-02    2.56531E-03   -6.58212E-03    2.56531E-03   -2.50957E-18   -9.11253E-19    2.21009E-19    2.56531E-03    2.56531E-03   -6.58212E-03    9.14743E-03    6.09828E-03
   1.90980E-02    2.56636E-03   -6.58106E-03    2.56636E-03    8.24413E-19    2.94211E-18    1.89819E-19    2.56636E-03    2.56636E-03   -6.58106E-03    9.14743E-03    6.09828E-03
   2.00980E-02    2.56661E-03   -6.58082E-03    2.56661E-03    7.08146E-19   -4.92319E-18    1.63048E-19    2.56661E-03    2.56661E-03   -6.58082E-03    9.14743E-03    6.09828E-03
   2.10980E-02    2.56657E-03   -6.58086E-03    2.56657E-03   -8.81835E-19   -9.44452E-18   -1.35008E-18    2.56657E-03    2.56657E-03   -6.58086E-03    9.14743E-03    6.09828E-03
   2.20980E-02    2.56654E-03   -6.58088E-03    2.56654E-03   -7.57499E-19   -8.11287E-18    3.31068E-18    2.56654E-03    2.56654E-03   -6.58088E-03    9.14743E-03    6.09828E-03
   2.30980E-02    2.56654E-03   -6.58089E-03    2.56654E-03    2.32956E-18    4.95207E-18   -1.62651E-18    2.56654E-03    2.56654E-03   -6.58089E-03    9.14743E-03    6.09828E-03
   2.40980E-02    2.56654E-03   -6.58088E-03    2.56654E-03    2.00109E-18   -6.92213E-18    5.30840E-18    2.56654E-03    2.56654E-03   -6.58088E-03    9.14743E-03    6.09828E-03
   2.50980E-02    2.56654E-03   -6.58088E-03    2.56654E-03    2.28812E-19   -7.43623E-18    3.81485E-18    2.56654E-03    2.56654E-03   -6.58088E-03    9.14743E-03    6.09828E-03
   2.60980E-02    2.56654E-03   -6.58088E-03    2.56654E-03    1.68668E-18    1.06291E-18    4.02202E-18    2.56654E-03    2.56654E-03   -6.58088E-03    9.14743E-03    6.09828E-03
   2.70980E-02    2.56654E-03   -6.58088E-03    2.56654E-03    1.44885E-18   -5.77085E-19   -1.76053E-18    2.56654E-03    2.56654E-03   -6.58088E-03    9.14743E-03    6.09828E-03
   2.80980E-02    2.56654E-03   -6.58088E-03    2.56654E-03   -1.73569E-18   -9.43648E-18    2.95808E-18    2.56654E-03    2.56654E-03   -6.58088E-03    9.14743E-03    6.09828E-03
   2.90980E-02    2.56654E-03   -6.58088E-03    2.56654E-03    4.46955E-18   -2.14542E-18    6.26631E-18    2.56654E-03    2.56654E-03   -6.58088E-03    9.14743E-03    6.09828E-03
   3.00980E-02    2.56654E-03   -6.58088E-03    2.56654E-03   -6.31037E-19    1.08232E-17   -2.81294E-18    2.56654E-03    2.56654E-03   -6.58088E-03    9.14743E-03    6.09828E-03
   3.10980E-02    2.56654E-03   -6.58088E-03    2.56654E-03   -5.42060E-19    1.10139E-18   -1.81123E-19    2.56654E-03    2.56654E-03   -6.58088E-03    9.14743E-03    6.09828E-03
   3.20980E-02    2.56654E-03   -6.58088E-03    2.56654E-03   -4.65630E-19    5.41648E-18   -3.13584E-18    2.56654E-03    2.56654E-03   -6.58088E-03    9.14743E-03    6.09828E-03
   3.30980E-02    2.56654E-03   -6.58088E-03    2.56654E-03   -3.99976E-19    3.16263E-18    1.77670E-18    2.56654E-03    2.56654E-03   -6.58088E-03    9.14743E-03    6.09828E-03
   3.40980E-02    2.56654E-03   -6.58088E-03    2.56654E-03    2.63668E-18   -3.24381E-18   -1.45407E-18    2.56654E-03    2.56654E-03   -6.58088E-03    9.14743E-03    6.09828E-03
   3.50980E-02    2.56654E-03   -6.58088E-03    2.56654E-03    2.26490E-18   -4.27656E-18   -1.24905E-18    2.56654E-03    2.56654E-03   -6.58088E-03    9.14743E-03    6.09828E-03
   3.60980E-02    2.56654E-03   -6.58088E-03    2.56654E-03   -1.03470E-18    9.73758E-18    4.17195E-19    2.56654E-03    2.56654E-03   -6.58088E-03    9.14743E-03    6.09828E-03
   3.70980E-02    2.56654E-03   -6.58088E-03    2.56654E-03    2.09144E-18    3.89420E-18    4.82875E-18    2.56654E-03    2.56654E-03   -6.58088E-03    9.14743E-03    6.09828E-03
   3.80980E-02    2.56654E-03   -6.58088E-03    2.56654E-03   -1.18370E-18    3.64860E-19   -3.22484E-19    2.56654E-03    2.56654E-03   -6.58088E-03    9.14743E-03    6.09828E-03
   3.90980E-02    2.56654E-03   -6.58088E-03    2.56654E-03   -3.99706E-18    3.13414E-19   -3.25727E-18    2.56654E-03    2.56654E-03   -6.58088E-03    9.14743E-03    6.09828E-03
   4.00980E-02    2.56654E-03   -6.58088E-03    2.56654E-03   -4.53215E-19   -1.22090E-18   -1.30787E-18    2.56654E-03    2.56654E-03   -6.58088E-03    9.14743E-03    6.09828E-03
   4.10980E-02    2.56654E-03   -6.58088E-03    2.56654E-03   -3.89312E-19    4.91175E-18    1.85680E-18    2.56654E-03    2.56654E-03   -6.58088E-03    9.14743E-03    6.09828E-03
   4.20980E-02    2.56654E-03   -6.58088E-03    2.56654E-03   -3.34419E-19    1.16698E-17    7.55550E-18    2.56654E-03    2.56654E-03   -6.58088E-03    9.14743E-03    6.09828E-03
   4.30980E-02    2.56654E-03   -6.58088E-03    2.56654E-03    2.69299E-18    2.57374E-18   -1.43716E-17    2.56654E-03    2.56654E-03   -6.58088E-03    9.14743E-03    6.09828E-03
   4.40980E-02    2.56654E-03   -6.58088E-03    2.56654E-03    2.31328E-18   -1.26904E-17   -7.87483E-18    2.56654E-03    2.56654E-03   -6.58088E-03    9.14743E-03    6.09828E-03
   4.50980E-02    2.56654E-03   -6.58088E-03    2.56654E-03    7.94761E-18    8.47058E-18    2.17629E-18    2.56654E-03    2.56654E-03   -6.58088E-03    9.14743E-03    6.09828E-03
   4.60980E-02    2.56654E-03   -6.58088E-03    2.56654E-03    3.84674E-18   -1.50757E-17    4.84968E-18    2.56654E-03    2.56654E-03   -6.58088E-03    9.14743E-03    6.09828E-03
   4.70980E-02    2.56654E-03   -6.58088E-03    2.56654E-03    3.24097E-19    4.61139E-19   -6.26501E-18    2.56654E-03    2.56654E-03   -6.58088E-03    9.14743E-03    6.09828E-03
   4.80980E-02    2.56654E-03   -6.58088E-03    2.56654E-03    2.78399E-19   -4.07426E-18   -5.38164E-18    2.56654E-03    2.56654E-03   -6.58088E-03    9.14743E-03    6.09828E-03
   4.90980E-02    2.56654E-03   -6.58088E-03    2.56654E-03   -5.72136E-18    6.93110E-18    1.33768E-18    2.56654E-03    2.56654E-03   -6.58088E-03    9.14743E-03    6.09828E-03
   5.00980E-02    2.56654E-03   -6.58088E-03    2.56654E-03    4.02611E-18    4.46368E-18    5.61945E-18    2.56654E-03    2.56654E-03   -6.58088E-03    9.14743E-03    6.09828E-03
   5.10980E-02    2.56654E-03   -6.58088E-03    2.56654E-03    4.78176E-19    8.54050E-19   -4.11366E-18    2.56654E-03    2.56654E-03   -6.58088E-03    9.14743E-03    6.09828E-03
   5.20980E-02    2.56654E-03   -6.58088E-03    2.56654E-03    3.39101E-18    6.69414E-18   -3.53363E-18    2.56654E-03    2.56654E-03   -6.58088E-03    9.14743E-03    6.09828E-03
   5.30980E-02    2.56654E-03   -6.58088E-03    2.56654E-03   -9.00814E-18    1.76713E-17    5.90537E-18    2.56654E-03    2.56654E-03   -6.58088E-03    9.14743E-03    6.09828E-03
   5.40980E-02    2.56654E-03   -6.58088E-03    2.56654E-03    1.20277E-18    1.76848E-18   -3.86805E-18    2.56654E-03    2.56654E-03   -6.58088E-03    9.14743E-03    6.09828E-03
   5.50980E-02    2.56654E-03   -6.58088E-03    2.56654E-03    4.01343E-18   -2.95126E-18    7.10824E-18    2.56654E-03    2.56654E-03   -6.58088E-03    9.14743E-03    6.09828E-03
   5.60980E-02    2.56654E-03   -6.58088E-03    2.56654E-03    6.42779E-18    4.45125E-19    4.61585E-18    2.56654E-03    2.56654E-03   -6.58088E-03    9.14743E-03    6.09828E-03
   5.70980E-02    2.56654E-03   -6.58088E-03    2.56654E-03   -3.41929E-18    6.34287E-18   -1.99550E-18    2.56654E-03    2.56654E-03   -6.58088E-03    9.14743E-03    6.09828E-03
   5.80980E-02    2.52291E-03   -6.47130E-03    2.52291E-03    4.23187E-20   -6.35742E-18   -3.14729E-18    2.52291E-03    2.52291E-03   -6.47130E-03    8.99421E-03    5.99614E-03
   5.90980E-02    2.48041E-03   -6.36039E-03    2.48041E-03    3.56022E-20   -9.72661E-18   -1.18837E-18    2.48041E-03    2.48041E-03   -6.36039E-03    8.84080E-03    5.89387E-03
   6.00980E-02    2.43752E-03   -6.24993E-03    2.43752E-03    2.98699E-20   -1.54376E-17    3.36922E-18    2.43752E-03    2.43752E-03   -6.24993E-03    8.68746E-03    5.79164E-03
   6.10980E-02    2.39449E-03   -6.13965E-03    2.39449E-03    5.83002E-18   -1.58175E-17   -7.34014E-18    2.39449E-03    2.39449E-03   -6.13965E-03    8.53414E-03    5.68943E-03
   6.20980E-02    2.35145E-03   -6.02937E-03    2.35145E-03    1.96895E-18    4.16978E-18    1.11225E-18    2.35145E-03    2.35145E-03   -6.02937E-03    8.38082E-03    5.58721E-03
   6.30980E-02    2.30843E-03   -5.91907E-03    2.30843E-03    1.63724E-18   -2.30259E-18   -6.28748E-18    2.30843E-03    2.30843E-03   -5.91907E-03    8.22750E-03    5.48500E-03
   6.40980E-02    2.26542E-03   -5.80876E-03    2.26542E-03    1.35706E-18    1.24701E-17   -5.21153E-18    2.26542E-03    2.26542E-03   -5.80876E-03    8.07418E-03    5.38279E-03
   6.50980E-02    2.22240E-03   -5.69846E-03    2.22240E-03    6.85361E-18    1.60345E-17    1.28920E-17    2.22240E-03    2.22240E-03   -5.69846E-03    7.92086E-03    5.28057E-03
   6.60980E-02    2.17938E-03   -5.58815E-03    2.17938E-03   -7.02192E-20    1.77567E-18   -9.38092E-18    2.17938E-03    2.17938E-03   -5.58815E-03    7.76754E-03    5.17836E-03
   6.70980E-02    2.13636E-03   -5.47785E-03    2.13636E-03    5.63502E-18   -1.38957E-18    8.42889E-19    2.13636E-03    2.13636E-03   -5.47785E-03    7.61421E-03    5.07614E-03
   6.80980E-02    2.09334E-03   -5.36755E-03    2.09334E-03    1.02776E-17    4.53589E-18   -1.63261E-17    2.09334E-03    2.09334E-03   -5.36755E-03    7.46089E-03    4.97393E-03
   6.90980E-02    2.05033E-03   -5.25725E-03    2.05033E-03    2.71858E-18   -4.78168E-18   -4.81859E-18    2.05033E-03    2.05033E-03   -5.25725E-03    7.30757E-03    4.87171E-03
   7.00980E-02    2.00731E-03   -5.14694E-03    2.00731E-03    2.20485E-18   -3.87808E-18   -9.53565E-18    2.00731E-03    2.00731E-03   -5.14694E-03    7.15425E-03    4.76950E-03
   7.10980E-02    1.96429E-03   -5.03664E-03    1.96429E-03    7.38527E-18   -1.15389E-17   -4.89959E-18    1.96429E-03    1.96429E-03   -5.03664E-03    7.00093E-03    4.66729E-03
   7.20980E-02    1.92127E-03   -4.92634E-03    1.92127E-03    5.93941E-18   -1.76505E-17   -1.23110E-17    1.92127E-03    1.92127E-03   -4.92634E-03    6.84761E-03    4.56507E-03
   7.30980E-02    1.87825E-03   -4.81603E-03    1.87825E-03    4.75528E-18   -3.02056E-18   -4.30108E-18    1.87825E-03    1.87825E-03   -4.81603E-03    6.69429E-03    4.46286E-03
   7.40980E-02    1.83523E-03   -4.70573E-03    1.83523E-03    9.31919E-18    3.57719E-19   -6.19240E-18    1.83523E-03    1.83523E-03   -4.70573E-03    6.54096E-03    4.36064E-03
   7.50980E-02    1.79222E-03   -4.59543E-03    1.79222E-03    1.28934E-17   -1.89763E-17   -2.15942E-18    1.79222E-03    1.79222E-03   -4.59543E-03    6.38764E-03    4.25843E-03
   7.60980E-02    1.79281E-03   -4.59483E-03    1.79281E-03    2.72911E-17   -2.37893E-17    3.86939E-18    1.79281E-03    1.79281E-03   -4.59483E-03    6.38764E-03    4.25843E-03
   7.70980E-02    1.79230E-03   -4.59534E-03    1.79230E-03    2.20990E-17   -1.36447E-17   -8.10433E-18    1.79230E-03    1.79230E-03   -4.59534E-03    6.38764E-03    4.25843E-03
   7.80980E-02    1.79219E-03   -4.59546E-03    1.79219E-03    6.65670E-18   -1.10480E-17   -1.49896E-17    1.79219E-03    1.79219E-03   -4.59546E-03    6.38764E-03    4.25843E-03
   7.90980E-02    1.79221E-03   -4.59544E-03    1.79221E-03    1.10080E-17   -1.73726E-17   -6.51842E-18    1.79221E-03    1.79221E-03   -4.59544E-03    6.38764E-03    4.25843E-03
   8.00980E-02    1.79222E-03   -4.59543E-03    1.79222E-03    2.01493E-17   -2.81117E-17    5.95868E-18    1.79222E-03    1.79222E-03   -4.59543E-03    6.38764E-03    4.25843E-03
   8.10980E-02    1.79222E-03   -4.59543E-03    1.79222E-03    1.63144E-17   -8.71572E-18    1.04428E-17    1.79222E-03    1.79222E-03   -4.59543E-03    6.38764E-03    4.25843E-03
   8.20980E-02    1.79222E-03   -4.59543E-03    1.79222E-03    1.88276E-17   -2.67208E-17   -8.39944E-18    1.79222E-03    1.79222E-03   -4.59543E-03    6.38764E-03    4.25843E-03
   8.30980E-02    1.79222E-03   -4.59543E-03    1.79222E-03    1.52443E-17   -1.60169E-17   -1.52282E-17    1.79222E-03    1.79222E-03   -4.59543E-03    6.38764E-03    4.25843E-03
   8.40980E-02    1.79222E-03   -4.59543E-03    1.79222E-03    2.35794E-17   -4.10597E-17    1.57614E-17    1.79222E-03    1.79222E-03   -4.59543E-03    6.38764E-03    4.25843E-03
   8.50980E-02    1.79222E-03   -4.59543E-03    1.79222E-03    7.85514E-18   -4.72907E-17    7.14333E-18    1.79222E-03    1.79222E-03   -4.59543E-03    6.38764E-03    4.25843E-03
   8.60980E-02    1.79222E-03   -4.59543E-03    1.79222E-03    1.19784E-17   -3.82901E-17   -8.26185E-18    1.79222E-03    1.79222E-03   -4.59543E-03    6.38764E-03    4.25843E-03
   8.70980E-02    1.79222E-03   -4.59543E-03    1.79222E-03    1.53168E-17   -8.52951E-18   -3.88028E-18    1.79222E-03    1.79222E-03   -4.59543E-03    6.38764E-03    4.25843E-03
   8.80980E-02    1.79222E-03   -4.59543E-03    1.79222E-03    1.24017E-17   -1.53335E-17    1.09039E-17    1.79222E-03    1.79222E-03   -4.59543E-03    6.38764E-03    4.25843E-03
   8.90980E-02    1.79222E-03   -4.59543E-03    1.79222E-03    1.00413E-17   -6.79690E-18    8.82858E-18    1.79222E-03    1.79222E-03   -4.59543E-03    6.38764E-03    4.25843E-03
   9.00980E-02    1.79222E-03   -4.59543E-03    1.79222E-03    8.13020E-18    1.13515E-17   -1.27910E-18    1.79222E-03    1.79222E-03   -4.59543E-03    6.38764E-03    4.25843E-03
   9.10980E-02    1.79222E-03   -4.59543E-03    1.79222E-03    1.22011E-17   -1.89002E-17    1.30100E-17    1.79222E-03    1.79222E-03   -4.59543E-03    6.38764E-03    4.25843E-03
   9.20980E-02    1.79222E-03   -4.59543E-03    1.79222E-03    4.26065E-18   -2.93487E-17   -9.13002E-18    1.79222E-03    1.79222E-03   -4.59543E-03    6.38764E-03    4.25843E-03
   9.30980E-02    1.79222E-03   -4.59543E-03    1.79222E-03    9.06799E-18   -9.71727E-18    1.03502E-18    1.79222E-03    1.79222E-03   -4.59543E-03    6.38764E-03    4.25843E-03
   9.40980E-02    1.79222E-03   -4.59543E-03    1.79222E-03    7.34212E-18   -3.59591E-17   -1.97109E-18    1.79222E-03    1.79222E-03   -4.59543E-03    6.38764E-03    4.25843E-03
   9.50980E-02    1.79222E-03   -4.59543E-03    1.79222E-03    1.15630E-17    7.40345E-18    6.83143E-18    1.79222E-03    1.79222E-03   -4.59543E-03    6.38764E-03    4.25843E-03
   9.60980E-02    1.79222E-03   -4.59543E-03    1.79222E-03    9.36226E-18    2.00400E-17    2.72211E-18    1.79222E-03    1.79222E-03   -4.59543E-03    6.38764E-03    4.25843E-03
   9.70980E-02    1.79222E-03   -4.59543E-03    1.79222E-03    1.88169E-17   -1.74836E-17   -3.41422E-18    1.79222E-03    1.79222E-03   -4.59543E-03    6.38764E-03    4.25843E-03
   9.80980E-02    1.79222E-03   -4.59543E-03    1.79222E-03    2.08538E-17   -3.38199E-17    2.85384E-18    1.79222E-03    1.79222E-03   -4.59543E-03    6.38764E-03    4.25843E-03
   9.90490E-02    1.79222E-03   -4.59543E-03    1.79222E-03    1.13726E-17   -1.34631E-17    8.00357E-18    1.79222E-03    1.79222E-03   -4.59543E-03    6.38764E-03    4.25843E-03
   0.10000        1.79222E-03   -4.59543E-03    1.79222E-03    1.49659E-17   -3.36879E-17   -1.04721E-17    1.79222E-03    1.79222E-03   -4.59543E-03    6.38764E-03    4.25843E-03
   7.88861E-31     0.0000         0.0000         0.0000         0.0000         0.0000         0.0000         0.0000         0.0000         0.0000         0.0000         0.0000
   7.88861E-31     0.0000         0.0000         0.0000         0.0000         0.0000         0.0000         0.0000         0.0000         0.0000         0.0000         0.0000
   7.88861E-31     0.0000         0.0000         0.0000         0.0000         0.0000         0.0000         0.0000         0.0000         0.0000         0.0000         0.0000
   7.88861E-31     0.0000         0.0000         0.0000         0.0000         0.0000         0.0000         0.0000         0.0000         0.0000         0.0000         0.0000
   7.88861E-31     0.0000         0.0000         0.0000         0.0000         0.0000         0.0000         0.0000         0.0000         0.0000         0.0000         0.0000
   7.88861E-31     0.0000         0.0000         0.0000         0.0000         0.0000         0.0000         0.0000         0.0000         0.0000         0.0000         0.0000
   7.88861E-31     0.0000         0.0000         0.0000         0.0000         0.0000         0.0000         0.0000         0.0000         0.0000         0.0000         0.0000
   7.88861E-31     0.0000         0.0000         0.0000         0.0000         0.0000         0.0000         0.0000         0.0000         0.0000         0.0000         0.0000
   7.88861E-31     0.0000         0.0000         0.0000         0.0000         0.0000         0.0000         0.0000         0.0000         0.0000         0.0000         0.0000
   7.88861E-31     0.0000         0.0000         0.0000         0.0000         0.0000         0.0000         0.0000         0.0000         0.0000         0.0000         0.0000
   7.88861E-31     0.0000         0.0000         0.0000         0.0000         0.0000         0.0000         0.0000         0.0000         0.0000         0.0000         0.0000
   7.88861E-31     0.0000         0.0000         0.0000         0.0000         0.0000         0.0000         0.0000         0.0000         0.0000         0.0000         0.0000
   7.88861E-31     0.0000         0.0000         0.0000         0.0000         0.0000         0.0000         0.0000         0.0000         0.0000         0.0000         0.0000
   7.88861E-31     0.0000         0.0000         0.0000         0.0000         0.0000         0.0000         0.0000         0.0000         0.0000         0.0000         0.0000
   7.88861E-31     0.0000         0.0000         0.0000         0.0000         0.0000         0.0000         0.0000         0.0000         0.0000         0.0000         0.0000
   7.88861E-31     0.0000         0.0000         0.0000         0.0000         0.0000         0.0000         0.0000         0.0000         0.0000         0.0000         0.0000
   7.88861E-31     0.0000         0.0000         0.0000         0.0000         0.0000         0.0000         0.0000         0.0000         0.0000         0.0000         0.0000
   7.88861E-31     0.0000         0.0000         0.0000         0.0000         0.0000         0.0000         0.0000         0.0000         0.0000         0.0000         0.0000
   7.88861E-31     0.0000         0.0000         0.0000         0.0000         0.0000         0.0000         0.0000         0.0000         0.0000         0.0000         0.0000
   7.88861E-31     0.0000         0.0000         0.0000         0.0000         0.0000         0.0000         0.0000         0.0000         0.0000         0.0000         0.0000
   7.88861E-31     0.0000         0.0000         0.0000         0.0000         0.0000         0.0000         0.0000         0.0000         0.0000         0.0000         0.0000
   7.88861E-31     0.0000         0.0000         0.0000         0.0000         0.0000         0.0000         0.0000         0.0000         0.0000         0.0000         0.0000
   7.88861E-31     0.0000         0.0000         0.0000         0.0000         0.0000         0.0000         0.0000         0.0000         0.0000         0.0000         0.0000
   7.88861E-31     0.0000         0.0000         0.0000         0.0000         0.0000         0.0000         0.0000         0.0000         0.0000         0.0000         0.0000
   7.88861E-31     0.0000         0.0000         0.0000         0.0000         0.0000         0.0000         0.0000         0.0000         0.0000         0.0000         0.0000
   7.88861E-31     0.0000         0.0000         0.0000         0.0000         0.0000         0.0000         0.0000         0.0000         0.0000         0.0000         0.0000
   7.88861E-31     0.0000         0.0000         0.0000         0.0000         0.0000         0.0000         0.0000         0.0000         0.0000         0.0000         0.0000
   7.88861E-31     0.0000         0.0000         0.0000         0.0000         0.0000         0.0000         0.0000         0.0000         0.0000         0.0000         0.0000
   7.88861E-31     0.0000         0.0000         0.0000         0.0000         0.0000         0.0000         0.0000         0.0000         0.0000         0.0000         0.0000
   7.88861E-31     0.0000         0.0000         0.0000         0.0000         0.0000         0.0000         0.0000         0.0000         0.0000         0.0000         0.0000
   7.88861E-31     0.0000         0.0000         0.0000         0.0000         0.0000         0.0000         0.0000         0.0000         0.0000         0.0000         0.0000
   7.88861E-31     0.0000         0.0000         0.0000         0.0000         0.0000         0.0000         0.0000         0.0000         0.0000         0.0000         0.0000
   7.88861E-31     0.0000         0.0000         0.0000         0.0000         0.0000         0.0000         0.0000         0.0000         0.0000         0.0000         0.0000
   7.88861E-31     0.0000         0.0000         0.0000         0.0000         0.0000         0.0000         0.0000         0.0000         0.0000         0.0000         0.0000
   7.88861E-31     0.0000         0.0000         0.0000         0.0000         0.0000         0.0000         0.0000         0.0000         0.0000         0.0000         0.0000
   7.88861E-31     0.0000         0.0000         0.0000         0.0000         0.0000         0.0000         0.0000         0.0000         0.0000         0.0000         0.0000
   7.88861E-31     0.0000         0.0000         0.0000         0.0000         0.0000         0.0000         0.0000         0.0000         0.0000         0.0000         0.0000
   7.88861E-31     0.0000         0.0000         0.0000         0.0000         0.0000         0.0000         0.0000         0.0000         0.0000         0.0000         0.0000
   7.88861E-31     0.0000         0.0000         0.0000         0.0000         0.0000         0.0000         0.0000         0.0000         0.0000         0.0000         0.0000
   7.88861E-31     0.0000         0.0000         0.0000         0.0000         0.0000         0.0000         0.0000         0.0000         0.0000         0.0000         0.0000
   7.88861E-31     0.0000         0.0000         0.0000         0.0000         0.0000         0.0000         0.0000         0.0000         0.0000         0.0000         0.0000
   7.88861E-31     0.0000         0.0000         0.0000         0.0000         0.0000         0.0000         0.0000         0.0000         0.0000         0.0000         0.0000
   7.88861E-31     0.0000         0.0000         0.0000         0.0000         0.0000         0.0000         0.0000         0.0000         0.0000         0.0000         0.0000
   7.88861E-31     0.0000         0.0000         0.0000         0.0000         0.0000         0.0000         0.0000         0.0000         0.0000         0.0000         0.0000
   7.88861E-31     0.0000         0.0000         0.0000         0.0000         0.0000         0.0000         0.0000         0.0000         0.0000         0.0000         0.0000
   7.88861E-31     0.0000         0.0000         0.0000         0.0000         0.0000         0.0000         0.0000         0.0000         0.0000         0.0000         0.0000
   7.88861E-31     0.0000         0.0000         0.0000         0.0000         0.0000         0.0000         0.0000         0.0000         0.0000         0.0000         0.0000
   7.88861E-31     0.0000         0.0000         0.0000         0.0000         0.0000         0.0000         0.0000         0.0000         0.0000         0.0000         0.0000
   7.88861E-31     0.0000         0.0000         0.0000         0.0000         0.0000         0.0000         0.0000         0.0000         0.0000         0.0000         0.0000
   7.88861E-31     0.0000         0.0000         0.0000         0.0000         0.0000         0.0000         0.0000         0.0000         0.0000         0.0000         0.0000
   7.88861E-31     0.0000         0.0000         0.0000         0.0000         0.0000         0.0000         0.0000         0.0000         0.0000         0.0000         0.0000
   7.88861E-31     0.0000         0.0000         0.0000         0.0000         0.0000         0.0000         0.0000         0.0000         0.0000         0.0000         0.0000
   7.88861E-31     0.0000         0.0000         0.0000         0.0000         0.0000         0.0000         0.0000         0.0000         0.0000         0.0000         0.0000
   7.88861E-31     0.0000         0.0000         0.0000         0.0000         0.0000         0.0000         0.0000         0.0000         0.0000         0.0000         0.0000
   7.88861E-31     0.0000         0.0000         0.0000         0.0000         0.0000         0.0000         0.0000         0.0000         0.0000         0.0000         0.0000
   7.88861E-31     0.0000         0.0000         0.0000         0.0000         0.0000         0.0000         0.0000         0.0000         0.0000         0.0000         0.0000
   7.88861E-31     0.0000         0.0000         0.0000         0.0000         0.0000         0.0000         0.0000         0.0000         0.0000         0.0000         0.0000
   7.88861E-31     0.0000         0.0000         0.0000         0.0000         0.0000         0.0000         0.0000         0.0000         0.0000         0.0000         0.0000
   7.88861E-31     0.0000         0.0000         0.0000         0.0000         0.0000         0.0000         0.0000         0.0000         0.0000         0.0000         0.0000
   7.88861E-31     0.0000         0.0000         0.0000         0.0000         0.0000         0.0000         0.0000         0.0000         0.0000         0.0000         0.0000
   7.88861E-31     0.0000         0.0000         0.0000         0.0000         0.0000         0.0000         0.0000         0.0000         0.0000         0.0000         0.0000
   7.88861E-31     0.0000         0.0000         0.0000         0.0000         0.0000         0.0000         0.0000         0.0000         0.0000         0.0000         0.0000
   7.88861E-31     0.0000         0.0000         0.0000         0.0000         0.0000         0.0000         0.0000         0.0000         0.0000         0.0000         0.0000
   7.88861E-31     0.0000         0.0000         0.0000         0.0000         0.0000         0.0000         0.0000         0.0000         0.0000         0.0000         0.0000
   7.88861E-31     0.0000         0.0000         0.0000         0.0000         0.0000         0.0000         0.0000         0.0000         0.0000         0.0000         0.0000
   7.88861E-31     0.0000         0.0000         0.0000         0.0000         0.0000         0.0000         0.0000         0.0000         0.0000         0.0000         0.0000
   7.88861E-31     0.0000         0.0000         0.0000         0.0000         0.0000         0.0000         0.0000         0.0000         0.0000         0.0000         0.0000
   7.88861E-31     0.0000         0.0000         0.0000         0.0000         0.0000         0.0000         0.0000         0.0000         0.0000         0.0000         0.0000
   7.88861E-31     0.0000         0.0000         0.0000         0.0000         0.0000         0.0000         0.0000         0.0000         0.0000         0.0000         0.0000
   7.88861E-31     0.0000         0.0000         0.0000         0.0000         0.0000         0.0000         0.0000         0.0000         0.0000         0.0000         0.0000
   7.88861E-31     0.0000         0.0000         0.0000         0.0000         0.0000         0.0000         0.0000         0.0000         0.0000         0.0000         0.0000
   7.88861E-31     0.0000         0.0000         0.0000         0.0000         0.0000         0.0000         0.0000         0.0000         0.0000         0.0000         0.0000
   7.88861E-31     0.0000         0.0000         0.0000         0.0000         0.0000         0.0000         0.0000         0.0000         0.0000         0.0000         0.0000
   7.88861E-31     0.0000         0.0000         0.0000         0.0000         0.0000         0.0000         0.0000         0.0000         0.0000         0.0000         0.0000
   7.88861E-31     0.0000         0.0000         0.0000         0.0000         0.0000         0.0000         0.0000         0.0000         0.0000         0.0000         0.0000
   7.88861E-31     0.0000         0.0000         0.0000         0.0000         0.0000         0.0000         0.0000         0.0000         0.0000         0.0000         0.0000
   7.88861E-31     0.0000         0.0000         0.0000         0.0000         0.0000         0.0000         0.0000         0.0000         0.0000         0.0000         0.0000
   7.88861E-31     0.0000         0.0000         0.0000         0.0000         0.0000         0.0000         0.0000         0.0000         0.0000         0.0000         0.0000
   7.88861E-31     0.0000         0.0000         0.0000         0.0000         0.0000         0.0000         0.0000         0.0000         0.0000         0.0000         0.0000
   7.88861E-31     0.0000         0.0000         0.0000         0.0000         0.0000         0.0000         0.0000         0.0000         0.0000         0.0000         0.0000
   7.88861E-31     0.0000         0.0000         0.0000         0.0000         0.0000         0.0000         0.0000         0.0000         0.0000         0.0000         0.0000
   7.88861E-31     0.0000         0.0000         0.0000         0.0000         0.0000         0.0000         0.0000         0.0000         0.0000         0.0000         0.0000
   7.88861E-31     0.0000         0.0000         0.0000         0.0000         0.0000         0.0000         0.0000         0.0000         0.0000         0.0000         0.0000
   7.88861E-31     0.0000         0.0000         0.0000         0.0000         0.0000         0.0000         0.0000         0.0000         0.0000         0.0000         0.0000
   7.88861E-31     0.0000         0.0000         0.0000         0.0000         0.0000         0.0000         0.0000         0.0000         0.0000         0.0000         0.0000
   7.88861E-31     0.0000         0.0000         0.0000         0.0000         0.0000         0.0000         0.0000         0.0000         0.0000         0.0000         0.0000
   7.88861E-31     0.0000         0.0000         0.0000         0.0000         0.0000         0.0000         0.0000         0.0000         0.0000         0.0000         0.0000
   7.88861E-31     0.0000         0.0000         0.0000         0.0000         0.0000         0.0000         0.0000         0.0000         0.0000         0.0000         0.0000
   7.88861E-31     0.0000         0.0000         0.0000         0.0000         0.0000         0.0000         0.0000         0.0000         0.0000         0.0000         0.0000
   7.88861E-31     0.0000         0.0000         0.0000         0.0000         0.0000         0.0000         0.0000         0.0000         0.0000         0.0000         0.0000
   7.88861E-31     0.0000         0.0000         0.0000         0.0000         0.0000         0.0000         0.0000         0.0000         0.0000         0.0000         0.0000
   7.88861E-31     0.0000         0.0000         0.0000         0.0000         0.0000         0.0000         0.0000         0.0000         0.0000         0.0000         0.0000
   7.88861E-31     0.0000         0.0000         0.0000         0.0000         0.0000         0.0000         0.0000         0.0000         0.0000         0.0000         0.0000
   7.88861E-31     0.0000         0.0000         0.0000         0.0000         0.0000         0.0000         0.0000         0.0000         0.0000         0.0000         0.0000
   7.88861E-31     0.0000         0.0000         0.0000         0.0000         0.0000         0.0000         0.0000         0.0000         0.0000         0.0000         0.0000
   7.88861E-31     0.0000         0.0000         0.0000         0.0000         0.0000         0.0000         0.0000         0.0000         0.0000         0.0000         0.0000
   7.88861E-31     0.0000         0.0000         0.0000         0.0000         0.0000         0.0000         0.0000         0.0000         0.0000         0.0000         0.0000
   7.88861E-31     0.0000         0.0000         0.0000         0.0000         0.0000         0.0000         0.0000         0.0000         0.0000         0.0000         0.0000
   7.88861E-31     0.0000         0.0000         0.0000         0.0000         0.0000         0.0000         0.0000         0.0000         0.0000         0.0000         0.0000
   7.88861E-31     0.0000         0.0000         0.0000         0.0000         0.0000         0.0000         0.0000         0.0000         0.0000         0.0000         0.0000
   7.88861E-31     0.0000         0.0000         0.0000         0.0000         0.0000         0.0000         0.0000         0.0000         0.0000         0.0000         0.0000
   7.88861E-31     0.0000         0.0000         0.0000         0.0000         0.0000         0.0000         0.0000         0.0000         0.0000         0.0000         0.0000
   7.88861E-31     0.0000         0.0000         0.0000         0.0000         0.0000         0.0000         0.0000         0.0000         0.0000         0.0000         0.0000
   7.88861E-31     0.0000         0.0000         0.0000         0.0000         0.0000         0.0000         0.0000         0.0000         0.0000         0.0000         0.0000
   7.88861E-31     0.0000         0.0000         0.0000         0.0000         0.0000         0.0000         0.0000         0.0000         0.0000         0.0000         0.0000
   7.88861E-31     0.0000         0.0000         0.0000         0.0000         0.0000         0.0000         0.0000         0.0000         0.0000         0.0000         0.0000
   7.88861E-31     0.0000         0.0000         0.0000         0.0000         0.0000         0.0000         0.0000         0.0000         0.0000         0.0000         0.0000
   7.88861E-31     0.0000         0.0000         0.0000         0.0000         0.0000         0.0000         0.0000         0.0000         0.0000         0.0000         0.0000
   7.88861E-31     0.0000         0.0000         0.0000         0.0000         0.0000         0.0000         0.0000         0.0000         0.0000         0.0000         0.0000
   7.88861E-31     0.0000         0.0000         0.0000         0.0000         0.0000         0.0000         0.0000         0.0000         0.0000         0.0000         0.0000
   7.88861E-31     0.0000         0.0000         0.0000         0.0000         0.0000         0.0000         0.0000         0.0000         0.0000         0.0000         0.0000
   7.88861E-31     0.0000         0.0000         0.0000         0.0000         0.0000         0.0000         0.0000         0.0000         0.0000         0.0000         0.0000
   7.88861E-31     0.0000         0.0000         0.0000         0.0000         0.0000         0.0000         0.0000         0.0000         0.0000         0.0000         0.0000
   7.88861E-31     0.0000         0.0000         0.0000         0.0000         0.0000         0.0000         0.0000         0.0000         0.0000         0.0000         0.0000
   7.88861E-31     0.0000         0.0000         0.0000         0.0000         0.0000         0.0000         0.0000         0.0000         0.0000         0.0000         0.0000
   7.88861E-31     0.0000         0.0000         0.0000         0.0000         0.0000         0.0000         0.0000         0.0000         0.0000         0.0000         0.0000
   7.88861E-31     0.0000         0.0000         0.0000         0.0000         0.0000         0.0000         0.0000         0.0000         0.0000         0.0000         0.0000
   7.88861E-31     0.0000         0.0000         0.0000         0.0000         0.0000         0.0000         0.0000         0.0000         0.0000         0.0000         0.0000
   7.88861E-31     0.0000         0.0000         0.0000         0.0000         0.0000         0.0000         0.0000         0.0000         0.0000         0.0000         0.0000
   7.88861E-31     0.0000         0.0000         0.0000         0.0000         0.0000         0.0000         0.0000         0.0000         0.0000         0.0000         0.0000
   7.88861E-31     0.0000         0.0000         0.0000         0.0000         0.0000         0.0000         0.0000         0.0000         0.0000         0.0000         0.0000
   7.88861E-31     0.0000         0.0000         0.0000         0.0000         0.0000         0.0000         0.0000         0.0000         0.0000         0.0000         0.0000
   7.88861E-31     0.0000         0.0000         0.0000         0.0000         0.0000         0.0000         0.0000         0.0000         0.0000         0.0000         0.0000
   7.88861E-31     0.0000         0.0000         0.0000         0.0000         0.0000         0.0000         0.0000         0.0000         0.0000         0.0000         0.0000
   7.88861E-31     0.0000         0.0000         0.0000         0.0000         0.0000         0.0000         0.0000         0.0000         0.0000         0.0000         0.0000
   7.88861E-31     0.0000         0.0000         0.0000         0.0000         0.0000         0.0000         0.0000         0.0000         0.0000         0.0000         0.0000
   7.88861E-31     0.0000         0.0000         0.0000         0.0000         0.0000         0.0000         0.0000         0.0000         0.0000         0.0000         0.0000
   7.88861E-31     0.0000         0.0000         0.0000         0.0000         0.0000         0.0000         0.0000         0.0000         0.0000         0.0000         0.0000
   7.88861E-31     0.0000         0.0000         0.0000         0.0000         0.0000         0.0000         0.0000         0.0000         0.0000         0.0000         0.0000
   7.88861E-31     0.0000         0.0000         0.0000         0.0000         0.0000         0.0000         0.0000         0.0000         0.0000         0.0000         0.0000
   7.88861E-31     0.0000         0.0000         0.0000         0.0000         0.0000         0.0000         0.0000         0.0000         0.0000         0.0000         0.0000
   7.88861E-31     0.0000         0.0000         0.0000         0.0000         0.0000         0.0000         0.0000         0.0000         0.0000         0.0000         0.0000
   7.88861E-31     0.0000         0.0000         0.0000         0.0000         0.0000         0.0000         0.0000         0.0000         0.0000         0.0000         0.0000
   7.88861E-31     0.0000         0.0000         0.0000         0.0000         0.0000         0.0000         0.0000         0.0000         0.0000         0.0000         0.0000
   7.88861E-31     0.0000         0.0000         0.0000         0.0000         0.0000         0.0000         0.0000         0.0000         0.0000         0.0000         0.0000
   7.88861E-31     0.0000         0.0000         0.0000         0.0000         0.0000         0.0000         0.0000         0.0000         0.0000         0.0000         0.0000
   7.88861E-31     0.0000         0.0000         0.0000         0.0000         0.0000         0.0000         0.0000         0.0000         0.0000         0.0000         0.0000
   7.88861E-31     0.0000         0.0000         0.0000         0.0000         0.0000         0.0000         0.0000         0.0000         0.0000         0.0000         0.0000
   7.88861E-31     0.0000         0.0000         0.0000         0.0000         0.0000         0.0000         0.0000         0.0000         0.0000         0.0000         0.0000
   7.88861E-31     0.0000         0.0000         0.0000         0.0000         0.0000         0.0000         0.0000         0.0000         0.0000         0.0000         0.0000
   7.88861E-31     0.0000         0.0000         0.0000         0.0000         0.0000         0.0000         0.0000         0.0000         0.0000         0.0000         0.0000
   7.88861E-31     0.0000         0.0000         0.0000         0.0000         0.0000         0.0000         0.0000         0.0000         0.0000         0.0000         0.0000
   7.88861E-31     0.0000         0.0000         0.0000         0.0000         0.0000         0.0000         0.0000         0.0000         0.0000         0.0000         0.0000
   7.88861E-31     0.0000         0.0000         0.0000         0.0000         0.0000         0.0000         0.0000         0.0000         0.0000         0.0000         0.0000
   7.88861E-31     0.0000         0.0000         0.0000         0.0000         0.0000         0.0000         0.0000         0.0000         0.0000         0.0000         0.0000
   7.88861E-31     0.0000         0.0000         0.0000         0.0000         0.0000         0.0000         0.0000         0.0000         0.0000         0.0000         0.0000
   7.88861E-31     0.0000         0.0000         0.0000         0.0000         0.0000         0.0000         0.0000         0.0000         0.0000         0.0000         0.0000
   7.88861E-31     0.0000         0.0000         0.0000         0.0000         0.0000         0.0000         0.0000         0.0000         0.0000         0.0000         0.0000
   7.88861E-31     0.0000         0.0000         0.0000         0.0000         0.0000         0.0000         0.0000         0.0000         0.0000         0.0000         0.0000
   7.88861E-31     0.0000         0.0000         0.0000         0.0000         0.0000         0.0000         0.0000         0.0000         0.0000         0.0000         0.0000
   7.88861E-31     0.0000         0.0000         0.0000         0.0000         0.0000         0.0000         0.0000         0.0000         0.0000         0.0000         0.0000
   7.88861E-31     0.0000         0.0000         0.0000         0.0000         0.0000         0.0000         0.0000         0.0000         0.0000         0.0000         0.0000
   7.88861E-31     0.0000         0.0000         0.0000         0.0000         0.0000         0.0000         0.0000         0.0000         0.0000         0.0000         0.0000
   7.88861E-31     0.0000         0.0000         0.0000         0.0000         0.0000         0.0000         0.0000         0.0000         0.0000         0.0000         0.0000
   7.88861E-31     0.0000         0.0000         0.0000         0.0000         0.0000         0.0000         0.0000         0.0000         0.0000         0.0000         0.0000
   7.88861E-31     0.0000         0.0000         0.0000         0.0000         0.0000         0.0000         0.0000         0.0000         0.0000         0.0000         0.0000
   7.88861E-31     0.0000         0.0000         0.0000         0.0000         0.0000         0.0000         0.0000         0.0000         0.0000         0.0000         0.0000
   7.88861E-31     0.0000         0.0000         0.0000         0.0000         0.0000         0.0000         0.0000         0.0000         0.0000         0.0000         0.0000
   7.88861E-31     0.0000         0.0000         0.0000         0.0000         0.0000         0.0000         0.0000         0.0000         0.0000         0.0000         0.0000
   7.88861E-31     0.0000         0.0000         0.0000         0.0000         0.0000         0.0000         0.0000         0.0000         0.0000         0.0000         0.0000
   7.88861E-31     0.0000         0.0000         0.0000         0.0000         0.0000         0.0000         0.0000         0.0000         0.0000         0.0000         0.0000
   7.88861E-31     0.0000         0.0000         0.0000         0.0000         0.0000         0.0000         0.0000         0.0000         0.0000         0.0000         0.0000
   7.88861E-31     0.0000         0.0000         0.0000         0.0000         0.0000         0.0000         0.0000         0.0000         0.0000         0.0000         0.0000
   7.88861E-31     0.0000         0.0000         0.0000         0.0000         0.0000         0.0000         0.0000         0.0000         0.0000         0.0000         0.0000
   7.88861E-31     0.0000         0.0000         0.0000         0.0000         0.0000         0.0000         0.0000         0.0000         0.0000         0.0000         0.0000
   7.88861E-31     0.0000         0.0000         0.0000         0.0000         0.0000         0.0000         0.0000         0.0000         0.0000         0.0000         0.0000
   7.88861E-31     0.0000         0.0000         0.0000         0.0000         0.0000         0.0000         0.0000         0.0000         0.0000         0.0000         0.0000
   7.88861E-31     0.0000         0.0000         0.0000         0.0000         0.0000         0.0000         0.0000         0.0000         0.0000         0.0000         0.0000
   7.88861E-31     0.0000         0.0000         0.0000         0.0000         0.0000         0.0000         0.0000         0.0000         0.0000         0.0000         0.0000
   7.88861E-31     0.0000         0.0000         0.0000         0.0000         0.0000         0.0000         0.0000         0.0000         0.0000         0.0000         0.0000
   7.88861E-31     0.0000         0.0000         0.0000         0.0000         0.0000         0.0000         0.0000         0.0000         0.0000         0.0000         0.0000
   7.88861E-31     0.0000         0.0000         0.0000         0.0000         0.0000         0.0000         0.0000         0.0000         0.0000         0.0000         0.0000
   7.88861E-31     0.0000         0.0000         0.0000         0.0000         0.0000         0.0000         0.0000         0.0000         0.0000         0.0000         0.0000
   7.88861E-31     0.0000         0.0000         0.0000         0.0000         0.0000         0.0000         0.0000         0.0000         0.0000         0.0000         0.0000
   7.88861E-31     0.0000         0.0000         0.0000         0.0000         0.0000         0.0000         0.0000         0.0000         0.0000         0.0000         0.0000
   7.88861E-31     0.0000         0.0000         0.0000         0.0000         0.0000         0.0000         0.0000         0.0000         0.0000         0.0000         0.0000
   7.88861E-31     0.0000         0.0000         0.0000         0.0000         0.0000         0.0000         0.0000         0.0000         0.0000         0.0000         0.0000
   7.88861E-31     0.0000         0.0000         0.0000         0.0000         0.0000         0.0000         0.0000         0.0000         0.0000         0.0000         0.0000
   7.88861E-31     0.0000         0.0000         0.0000         0.0000         0.0000         0.0000         0.0000         0.0000         0.0000         0.0000         0.0000
   7.88861E-31     0.0000         0.0000         0.0000         0.0000         0.0000         0.0000         0.0000         0.0000         0.0000         0.0000         0.0000
   7.88861E-31     0.0000         0.0000         0.0000         0.0000         0.0000         0.0000         0.0000         0.0000         0.0000         0.0000         0.0000
   7.88861E-31     0.0000         0.0000         0.0000         0.0000         0.0000         0.0000         0.0000         0.0000         0.0000         0.0000         0.0000
   7.88861E-31     0.0000         0.0000         0.0000         0.0000         0.0000         0.0000         0.0000         0.0000         0.0000         0.0000         0.0000
   7.88861E-31     0.0000         0.0000         0.0000         0.0000         0.0000         0.0000         0.0000         0.0000         0.0000         0.0000         0.0000
   7.88861E-31     0.0000         0.0000         0.0000         0.0000         0.0000         0.0000         0.0000         0.0000         0.0000         0.0000         0.0000
   7.88861E-31     0.0000         0.0000         0.0000         0.0000         0.0000         0.0000         0.0000         0.0000         0.0000         0.0000         0.0000
   7.88861E-31     0.0000         0.0000         0.0000         0.0000         0.0000         0.0000         0.0000         0.0000         0.0000         0.0000         0.0000
   7.88861E-31     0.0000         0.0000         0.0000         0.0000         0.0000         0.0000         0.0000         0.0000         0.0000         0.0000         0.0000
   7.88861E-31     0.0000         0.0000         0.0000         0.0000         0.0000         0.0000         0.0000         0.0000         0.0000         0.0000         0.0000
   7.88861E-31     0.0000         0.0000         0.0000         0.0000         0.0000         0.0000         0.0000         0.0000         0.0000         0.0000         0.0000
   7.88861E-31     0.0000         0.0000         0.0000         0.0000         0.0000         0.0000         0.0000         0.0000         0.0000         0.0000         0.0000
   7.88861E-31     0.0000         0.0000         0.0000         0.0000         0.0000         0.0000         0.0000         0.0000         0.0000         0.0000         0.0000
   7.88861E-31     0.0000         0.0000         0.0000         0.0000         0.0000         0.0000         0.0000         0.0000         0.0000         0.0000         0.0000
   7.88861E-31     0.0000         0.0000         0.0000         0.0000         0.0000         0.0000         0.0000         0.0000         0.0000         0.0000         0.0000
