0.2350E+03   0.0000E+00   0.1049E+00   0.1134E+00   0.1239E+00   0.1287E+00   0.1338E+00   0.1367E+00   0.1394E+00   0.1411E+00   0.1427E+00   0.1438E+00   0.1448E+00   0.1455E+00   0.1461E+00   0.1466E+00   0.1470E+00   0.1474E+00   0.1477E+00   0.1479E+00   0.1482E+00   0.1483E+00   0.1485E+00   0.1487E+00   0.1488E+00   0.1489E+00   0.1490E+00   0.1491E+00   0.1492E+00   0.1493E+00   0.1493E+00   0.1494E+00   0.1494E+00   0.1495E+00   0.1495E+00   0.1496E+00   0.1496E+00   0.1496E+00   0.1496E+00   0.1496E+00   0.1496E+00   0.1496E+00   0.1496E+00
0.2380E+03   0.3333E+00   0.9615E-01   0.1142E+00   0.1209E+00   0.1288E+00   0.1327E+00   0.1366E+00   0.1389E+00   0.1411E+00   0.1425E+00   0.1438E+00   0.1446E+00   0.1455E+00   0.1460E+00   0.1466E+00   0.1470E+00   0.1474E+00   0.1477E+00   0.1479E+00   0.1481E+00   0.1483E+00   0.1485E+00   0.1487E+00   0.1488E+00   0.1489E+00   0.1490E+00   0.1491E+00   0.1492E+00   0.1492E+00   0.1493E+00   0.1494E+00   0.1494E+00   0.1495E+00   0.1495E+00   0.1496E+00   0.1496E+00   0.1496E+00   0.1496E+00   0.1496E+00   0.1496E+00   0.1496E+00   0.1496E+00
0.2390E+03   0.6667E+00   0.9196E-01   0.1031E+00   0.1189E+00   0.1248E+00   0.1316E+00   0.1349E+00   0.1383E+00   0.1402E+00   0.1421E+00   0.1433E+00   0.1444E+00   0.1452E+00   0.1459E+00   0.1464E+00   0.1469E+00   0.1473E+00   0.1476E+00   0.1479E+00   0.1481E+00   0.1483E+00   0.1485E+00   0.1486E+00   0.1488E+00   0.1489E+00   0.1490E+00   0.1491E+00   0.1492E+00   0.1492E+00   0.1493E+00   0.1494E+00   0.1494E+00   0.1495E+00   0.1495E+00   0.1496E+00   0.1496E+00   0.1496E+00   0.1496E+00   0.1496E+00   0.1496E+00   0.1496E+00   0.1496E+00
0.2400E+03   0.1000E+01   0.4023E-01   0.9610E-01   0.1066E+00   0.1216E+00   0.1269E+00   0.1332E+00   0.1362E+00   0.1393E+00   0.1411E+00   0.1428E+00   0.1439E+00   0.1449E+00   0.1456E+00   0.1462E+00   0.1467E+00   0.1471E+00   0.1475E+00   0.1478E+00   0.1480E+00   0.1482E+00   0.1484E+00   0.1486E+00   0.1487E+00   0.1488E+00   0.1490E+00   0.1491E+00   0.1491E+00   0.1492E+00   0.1493E+00   0.1494E+00   0.1494E+00   0.1495E+00   0.1495E+00   0.1496E+00   0.1496E+00   0.1496E+00   0.1496E+00   0.1496E+00   0.1496E+00   0.1496E+00   0.1496E+00
0.2410E+03   0.1333E+01   0.2726E-01   0.4200E-01   0.9840E-01   0.1086E+00   0.1231E+00   0.1282E+00   0.1342E+00   0.1370E+00   0.1399E+00   0.1416E+00   0.1432E+00   0.1442E+00   0.1452E+00   0.1459E+00   0.1465E+00   0.1469E+00   0.1473E+00   0.1476E+00   0.1479E+00   0.1481E+00   0.1483E+00   0.1485E+00   0.1487E+00   0.1488E+00   0.1489E+00   0.1490E+00   0.1491E+00   0.1492E+00   0.1493E+00   0.1493E+00   0.1494E+00   0.1494E+00   0.1495E+00   0.1495E+00   0.1496E+00   0.1496E+00   0.1496E+00   0.1496E+00   0.1496E+00   0.1496E+00   0.1496E+00
0.2420E+03   0.1667E+01   0.2072E-01   0.2799E-01   0.4297E-01   0.9976E-01   0.1098E+00   0.1241E+00   0.1290E+00   0.1348E+00   0.1376E+00   0.1404E+00   0.1420E+00   0.1435E+00   0.1445E+00   0.1454E+00   0.1461E+00   0.1466E+00   0.1471E+00   0.1475E+00   0.1478E+00   0.1480E+00   0.1482E+00   0.1484E+00   0.1486E+00   0.1487E+00   0.1489E+00   0.1490E+00   0.1491E+00   0.1492E+00   0.1492E+00   0.1493E+00   0.1494E+00   0.1494E+00   0.1495E+00   0.1495E+00   0.1496E+00   0.1496E+00   0.1496E+00   0.1496E+00   0.1496E+00   0.1496E+00   0.1496E+00
0.2430E+03   0.2000E+01   0.1360E-01   0.2115E-01   0.2842E-01   0.4353E-01   0.1006E+00   0.1105E+00   0.1247E+00   0.1295E+00   0.1353E+00   0.1379E+00   0.1407E+00   0.1423E+00   0.1438E+00   0.1447E+00   0.1456E+00   0.1462E+00   0.1468E+00   0.1472E+00   0.1476E+00   0.1478E+00   0.1481E+00   0.1483E+00   0.1485E+00   0.1487E+00   0.1488E+00   0.1489E+00   0.1490E+00   0.1491E+00   0.1492E+00   0.1493E+00   0.1493E+00   0.1494E+00   0.1495E+00   0.1495E+00   0.1495E+00   0.1496E+00   0.1496E+00   0.1496E+00   0.1496E+00   0.1496E+00   0.1496E+00
0.2440E+03   0.2333E+01   0.1006E-01   0.1374E-01   0.2139E-01   0.2868E-01   0.4388E-01   0.1011E+00   0.1110E+00   0.1252E+00   0.1299E+00   0.1356E+00   0.1382E+00   0.1409E+00   0.1425E+00   0.1439E+00   0.1449E+00   0.1457E+00   0.1463E+00   0.1469E+00   0.1473E+00   0.1477E+00   0.1479E+00   0.1482E+00   0.1484E+00   0.1486E+00   0.1487E+00   0.1488E+00   0.1490E+00   0.1491E+00   0.1492E+00   0.1492E+00   0.1493E+00   0.1494E+00   0.1494E+00   0.1495E+00   0.1495E+00   0.1496E+00   0.1496E+00   0.1496E+00   0.1496E+00   0.1496E+00   0.1496E+00
0.2450E+03   0.2667E+01   0.6691E-02   0.1014E-01   0.1384E-01   0.2155E-01   0.2885E-01   0.4410E-01   0.1015E+00   0.1113E+00   0.1255E+00   0.1302E+00   0.1358E+00   0.1384E+00   0.1411E+00   0.1426E+00   0.1441E+00   0.1450E+00   0.1459E+00   0.1464E+00   0.1470E+00   0.1474E+00   0.1477E+00   0.1480E+00   0.1482E+00   0.1484E+00   0.1486E+00   0.1488E+00   0.1489E+00   0.1490E+00   0.1491E+00   0.1492E+00   0.1493E+00   0.1493E+00   0.1494E+00   0.1495E+00   0.1495E+00   0.1495E+00   0.1495E+00   0.1495E+00   0.1495E+00   0.1495E+00   0.1495E+00
0.2460E+03   0.3000E+01   0.5150E-02   0.6675E-02   0.1019E-01   0.1390E-01   0.2165E-01   0.2896E-01   0.4425E-01   0.1018E+00   0.1116E+00   0.1257E+00   0.1304E+00   0.1360E+00   0.1386E+00   0.1412E+00   0.1427E+00   0.1442E+00   0.1451E+00   0.1459E+00   0.1465E+00   0.1470E+00   0.1474E+00   0.1478E+00   0.1480E+00   0.1483E+00   0.1485E+00   0.1487E+00   0.1488E+00   0.1489E+00   0.1490E+00   0.1491E+00   0.1492E+00   0.1493E+00   0.1494E+00   0.1494E+00   0.1495E+00   0.1495E+00   0.1495E+00   0.1495E+00   0.1495E+00   0.1495E+00   0.1495E+00
0.2470E+03   0.3333E+01   0.3550E-02   0.5141E-02   0.6668E-02   0.1022E-01   0.1394E-01   0.2171E-01   0.2904E-01   0.4436E-01   0.1020E+00   0.1117E+00   0.1258E+00   0.1305E+00   0.1361E+00   0.1387E+00   0.1414E+00   0.1428E+00   0.1443E+00   0.1452E+00   0.1460E+00   0.1466E+00   0.1471E+00   0.1475E+00   0.1478E+00   0.1481E+00   0.1483E+00   0.1485E+00   0.1487E+00   0.1488E+00   0.1490E+00   0.1491E+00   0.1492E+00   0.1492E+00   0.1493E+00   0.1494E+00   0.1494E+00   0.1495E+00   0.1495E+00   0.1495E+00   0.1495E+00   0.1495E+00   0.1495E+00
0.2480E+03   0.3667E+01   0.2879E-02   0.3505E-02   0.5133E-02   0.6665E-02   0.1024E-01   0.1397E-01   0.2176E-01   0.2910E-01   0.4444E-01   0.1021E+00   0.1119E+00   0.1260E+00   0.1306E+00   0.1362E+00   0.1388E+00   0.1414E+00   0.1429E+00   0.1443E+00   0.1452E+00   0.1461E+00   0.1466E+00   0.1472E+00   0.1475E+00   0.1479E+00   0.1481E+00   0.1484E+00   0.1485E+00   0.1487E+00   0.1489E+00   0.1490E+00   0.1491E+00   0.1492E+00   0.1493E+00   0.1493E+00   0.1494E+00   0.1494E+00   0.1494E+00   0.1494E+00   0.1494E+00   0.1494E+00   0.1494E+00
0.2490E+03   0.4000E+01   0.2052E-02   0.2854E-02   0.3477E-02   0.5128E-02   0.6664E-02   0.1025E-01   0.1399E-01   0.2179E-01   0.2914E-01   0.4449E-01   0.1022E+00   0.1120E+00   0.1261E+00   0.1307E+00   0.1363E+00   0.1389E+00   0.1415E+00   0.1430E+00   0.1444E+00   0.1453E+00   0.1461E+00   0.1467E+00   0.1472E+00   0.1476E+00   0.1479E+00   0.1482E+00   0.1484E+00   0.1486E+00   0.1487E+00   0.1489E+00   0.1490E+00   0.1491E+00   0.1492E+00   0.1493E+00   0.1493E+00   0.1494E+00   0.1494E+00   0.1494E+00   0.1494E+00   0.1494E+00   0.1494E+00
0.2500E+03   0.4333E+01   0.1745E-02   0.2010E-02   0.2835E-02   0.3459E-02   0.5124E-02   0.6664E-02   0.1026E-01   0.1400E-01   0.2182E-01   0.2917E-01   0.4454E-01   0.1023E+00   0.1121E+00   0.1261E+00   0.1308E+00   0.1364E+00   0.1389E+00   0.1416E+00   0.1430E+00   0.1445E+00   0.1453E+00   0.1462E+00   0.1467E+00   0.1472E+00   0.1476E+00   0.1479E+00   0.1482E+00   0.1484E+00   0.1486E+00   0.1488E+00   0.1489E+00   0.1490E+00   0.1491E+00   0.1492E+00   0.1493E+00   0.1494E+00   0.1494E+00   0.1494E+00   0.1494E+00   0.1494E+00   0.1494E+00
0.2510E+03   0.4667E+01   0.1277E-02   0.1722E-02   0.1982E-02   0.2823E-02   0.3447E-02   0.5123E-02   0.6665E-02   0.1027E-01   0.1402E-01   0.2184E-01   0.2920E-01   0.4457E-01   0.1023E+00   0.1121E+00   0.1262E+00   0.1309E+00   0.1364E+00   0.1390E+00   0.1416E+00   0.1431E+00   0.1445E+00   0.1454E+00   0.1462E+00   0.1468E+00   0.1473E+00   0.1476E+00   0.1480E+00   0.1482E+00   0.1484E+00   0.1486E+00   0.1488E+00   0.1489E+00   0.1490E+00   0.1491E+00   0.1492E+00   0.1493E+00   0.1493E+00   0.1493E+00   0.1493E+00   0.1493E+00   0.1493E+00
0.2520E+03   0.5000E+01   0.1130E-02   0.1243E-02   0.1705E-02   0.1963E-02   0.2814E-02   0.3440E-02   0.5122E-02   0.6667E-02   0.1028E-01   0.1403E-01   0.2186E-01   0.2922E-01   0.4460E-01   0.1024E+00   0.1122E+00   0.1263E+00   0.1309E+00   0.1365E+00   0.1390E+00   0.1417E+00   0.1431E+00   0.1445E+00   0.1454E+00   0.1462E+00   0.1468E+00   0.1473E+00   0.1477E+00   0.1480E+00   0.1482E+00   0.1485E+00   0.1486E+00   0.1488E+00   0.1489E+00   0.1490E+00   0.1491E+00   0.1492E+00   0.1492E+00   0.1492E+00   0.1492E+00   0.1492E+00   0.1492E+00
0.2530E+03   0.5333E+01   0.8429E-03   0.1112E-02   0.1220E-02   0.1692E-02   0.1950E-02   0.2808E-02   0.3435E-02   0.5122E-02   0.6669E-02   0.1028E-01   0.1403E-01   0.2187E-01   0.2924E-01   0.4463E-01   0.1024E+00   0.1122E+00   0.1263E+00   0.1309E+00   0.1365E+00   0.1391E+00   0.1417E+00   0.1432E+00   0.1446E+00   0.1454E+00   0.1463E+00   0.1468E+00   0.1473E+00   0.1477E+00   0.1480E+00   0.1482E+00   0.1485E+00   0.1487E+00   0.1488E+00   0.1489E+00   0.1491E+00   0.1492E+00   0.1492E+00   0.1492E+00   0.1492E+00   0.1492E+00   0.1492E+00
0.2540E+03   0.5667E+01   0.7716E-03   0.8179E-03   0.1099E-02   0.1204E-02   0.1683E-02   0.1942E-02   0.2804E-02   0.3432E-02   0.5123E-02   0.6671E-02   0.1029E-01   0.1404E-01   0.2188E-01   0.2925E-01   0.4465E-01   0.1025E+00   0.1123E+00   0.1263E+00   0.1310E+00   0.1366E+00   0.1391E+00   0.1417E+00   0.1432E+00   0.1446E+00   0.1455E+00   0.1463E+00   0.1468E+00   0.1473E+00   0.1477E+00   0.1480E+00   0.1483E+00   0.1485E+00   0.1487E+00   0.1488E+00   0.1489E+00   0.1491E+00   0.1491E+00   0.1491E+00   0.1491E+00   0.1491E+00   0.1491E+00
0.2550E+03   0.6000E+01   0.5840E-03   0.7588E-03   0.8002E-03   0.1088E-02   0.1193E-02   0.1677E-02   0.1936E-02   0.2802E-02   0.3431E-02   0.5123E-02   0.6673E-02   0.1029E-01   0.1405E-01   0.2189E-01   0.2926E-01   0.4466E-01   0.1025E+00   0.1123E+00   0.1264E+00   0.1310E+00   0.1366E+00   0.1391E+00   0.1417E+00   0.1432E+00   0.1446E+00   0.1455E+00   0.1463E+00   0.1468E+00   0.1473E+00   0.1477E+00   0.1480E+00   0.1483E+00   0.1485E+00   0.1487E+00   0.1488E+00   0.1490E+00   0.1490E+00   0.1490E+00   0.1490E+00   0.1490E+00   0.1490E+00
0.2560E+03   0.6333E+01   0.5494E-03   0.5657E-03   0.7484E-03   0.7878E-03   0.1081E-02   0.1186E-02   0.1673E-02   0.1933E-02   0.2800E-02   0.3430E-02   0.5124E-02   0.6674E-02   0.1030E-01   0.1405E-01   0.2190E-01   0.2927E-01   0.4467E-01   0.1025E+00   0.1123E+00   0.1264E+00   0.1310E+00   0.1366E+00   0.1391E+00   0.1418E+00   0.1432E+00   0.1446E+00   0.1455E+00   0.1463E+00   0.1469E+00   0.1474E+00   0.1477E+00   0.1480E+00   0.1483E+00   0.1485E+00   0.1487E+00   0.1488E+00   0.1488E+00   0.1488E+00   0.1488E+00   0.1488E+00   0.1488E+00
0.2570E+03   0.6667E+01   0.4208E-03   0.5404E-03   0.5524E-03   0.7407E-03   0.7792E-03   0.1076E-02   0.1181E-02   0.1671E-02   0.1930E-02   0.2800E-02   0.3429E-02   0.5125E-02   0.6676E-02   0.1030E-01   0.1406E-01   0.2190E-01   0.2928E-01   0.4469E-01   0.1026E+00   0.1123E+00   0.1264E+00   0.1311E+00   0.1366E+00   0.1392E+00   0.1418E+00   0.1432E+00   0.1446E+00   0.1455E+00   0.1463E+00   0.1469E+00   0.1474E+00   0.1477E+00   0.1481E+00   0.1483E+00   0.1485E+00   0.1487E+00   0.1487E+00   0.1487E+00   0.1487E+00   0.1487E+00   0.1487E+00
0.2580E+03   0.7000E+01   0.4046E-03   0.4074E-03   0.5329E-03   0.5430E-03   0.7351E-03   0.7732E-03   0.1073E-02   0.1178E-02   0.1669E-02   0.1929E-02   0.2799E-02   0.3429E-02   0.5126E-02   0.6678E-02   0.1030E-01   0.1406E-01   0.2191E-01   0.2929E-01   0.4470E-01   0.1026E+00   0.1124E+00   0.1264E+00   0.1311E+00   0.1366E+00   0.1392E+00   0.1418E+00   0.1433E+00   0.1447E+00   0.1455E+00   0.1463E+00   0.1469E+00   0.1474E+00   0.1477E+00   0.1481E+00   0.1483E+00   0.1485E+00   0.1485E+00   0.1485E+00   0.1485E+00   0.1485E+00   0.1485E+00
0.2590E+03   0.7333E+01   0.3130E-03   0.3984E-03   0.3975E-03   0.5272E-03   0.5363E-03   0.7312E-03   0.7691E-03   0.1070E-02   0.1175E-02   0.1668E-02   0.1928E-02   0.2799E-02   0.3430E-02   0.5127E-02   0.6679E-02   0.1030E-01   0.1406E-01   0.2191E-01   0.2929E-01   0.4470E-01   0.1026E+00   0.1124E+00   0.1265E+00   0.1311E+00   0.1367E+00   0.1392E+00   0.1418E+00   0.1433E+00   0.1447E+00   0.1455E+00   0.1463E+00   0.1469E+00   0.1474E+00   0.1477E+00   0.1481E+00   0.1483E+00   0.1483E+00   0.1483E+00   0.1483E+00   0.1483E+00   0.1483E+00
0.2600E+03   0.7667E+01   0.3063E-03   0.3033E-03   0.3931E-03   0.3905E-03   0.5231E-03   0.5317E-03   0.7284E-03   0.7662E-03   0.1069E-02   0.1174E-02   0.1667E-02   0.1927E-02   0.2799E-02   0.3430E-02   0.5128E-02   0.6680E-02   0.1031E-01   0.1407E-01   0.2192E-01   0.2930E-01   0.4471E-01   0.1026E+00   0.1124E+00   0.1265E+00   0.1311E+00   0.1367E+00   0.1392E+00   0.1418E+00   0.1433E+00   0.1447E+00   0.1455E+00   0.1464E+00   0.1469E+00   0.1474E+00   0.1477E+00   0.1481E+00   0.1481E+00   0.1481E+00   0.1481E+00   0.1481E+00   0.1481E+00
0.2610E+03   0.8000E+01   0.2391E-03   0.3021E-03   0.2960E-03   0.3890E-03   0.3855E-03   0.5200E-03   0.5285E-03   0.7264E-03   0.7643E-03   0.1067E-02   0.1173E-02   0.1666E-02   0.1927E-02   0.2799E-02   0.3430E-02   0.5129E-02   0.6681E-02   0.1031E-01   0.1407E-01   0.2192E-01   0.2930E-01   0.4472E-01   0.1026E+00   0.1124E+00   0.1265E+00   0.1311E+00   0.1367E+00   0.1392E+00   0.1418E+00   0.1433E+00   0.1447E+00   0.1455E+00   0.1464E+00   0.1469E+00   0.1474E+00   0.1478E+00   0.1478E+00   0.1478E+00   0.1478E+00   0.1478E+00   0.1478E+00
0.2620E+03   0.8333E+01   0.2371E-03   0.2320E-03   0.2984E-03   0.2907E-03   0.3859E-03   0.3819E-03   0.5179E-03   0.5262E-03   0.7250E-03   0.7629E-03   0.1067E-02   0.1172E-02   0.1666E-02   0.1926E-02   0.2799E-02   0.3430E-02   0.5129E-02   0.6682E-02   0.1031E-01   0.1407E-01   0.2192E-01   0.2931E-01   0.4472E-01   0.1026E+00   0.1124E+00   0.1265E+00   0.1311E+00   0.1367E+00   0.1392E+00   0.1418E+00   0.1433E+00   0.1447E+00   0.1456E+00   0.1464E+00   0.1469E+00   0.1474E+00   0.1474E+00   0.1474E+00   0.1474E+00   0.1474E+00   0.1474E+00
0.2630E+03   0.8667E+01   0.1867E-03   0.2343E-03   0.2267E-03   0.2954E-03   0.2870E-03   0.3837E-03   0.3794E-03   0.5163E-03   0.5246E-03   0.7239E-03   0.7619E-03   0.1066E-02   0.1171E-02   0.1665E-02   0.1926E-02   0.2799E-02   0.3430E-02   0.5129E-02   0.6683E-02   0.1031E-01   0.1407E-01   0.2193E-01   0.2931E-01   0.4473E-01   0.1026E+00   0.1124E+00   0.1265E+00   0.1311E+00   0.1367E+00   0.1392E+00   0.1419E+00   0.1433E+00   0.1447E+00   0.1456E+00   0.1464E+00   0.1469E+00   0.1469E+00   0.1469E+00   0.1469E+00   0.1469E+00   0.1469E+00
0.2640E+03   0.9000E+01   0.1870E-03   0.1816E-03   0.2317E-03   0.2228E-03   0.2931E-03   0.2843E-03   0.3820E-03   0.3776E-03   0.5151E-03   0.5234E-03   0.7231E-03   0.7611E-03   0.1065E-02   0.1171E-02   0.1665E-02   0.1926E-02   0.2799E-02   0.3430E-02   0.5129E-02   0.6683E-02   0.1031E-01   0.1407E-01   0.2193E-01   0.2931E-01   0.4473E-01   0.1027E+00   0.1124E+00   0.1265E+00   0.1311E+00   0.1367E+00   0.1392E+00   0.1419E+00   0.1433E+00   0.1447E+00   0.1456E+00   0.1464E+00   0.1464E+00   0.1464E+00   0.1464E+00   0.1464E+00   0.1464E+00
0.2650E+03   0.9333E+01   0.1485E-03   0.1852E-03   0.1776E-03   0.2296E-03   0.2199E-03   0.2915E-03   0.2824E-03   0.3808E-03   0.3764E-03   0.5142E-03   0.5225E-03   0.7224E-03   0.7605E-03   0.1065E-02   0.1170E-02   0.1665E-02   0.1926E-02   0.2798E-02   0.3430E-02   0.5129E-02   0.6683E-02   0.1031E-01   0.1408E-01   0.2193E-01   0.2931E-01   0.4473E-01   0.1027E+00   0.1124E+00   0.1265E+00   0.1312E+00   0.1367E+00   0.1392E+00   0.1419E+00   0.1433E+00   0.1447E+00   0.1456E+00   0.1456E+00   0.1456E+00   0.1456E+00   0.1456E+00   0.1456E+00
0.2660E+03   0.9667E+01   0.1497E-03   0.1448E-03   0.1834E-03   0.1747E-03   0.2279E-03   0.2179E-03   0.2902E-03   0.2810E-03   0.3798E-03   0.3754E-03   0.5135E-03   0.5218E-03   0.7218E-03   0.7600E-03   0.1064E-02   0.1170E-02   0.1664E-02   0.1925E-02   0.2798E-02   0.3430E-02   0.5129E-02   0.6684E-02   0.1031E-01   0.1408E-01   0.2193E-01   0.2932E-01   0.4473E-01   0.1027E+00   0.1124E+00   0.1265E+00   0.1312E+00   0.1367E+00   0.1392E+00   0.1419E+00   0.1433E+00   0.1447E+00   0.1447E+00   0.1447E+00   0.1447E+00   0.1447E+00   0.1447E+00
0.2670E+03   0.1000E+02   0.1200E-03   0.1486E-03   0.1419E-03   0.1819E-03   0.1726E-03   0.2267E-03   0.2164E-03   0.2892E-03   0.2799E-03   0.3790E-03   0.3746E-03   0.5128E-03   0.5212E-03   0.7212E-03   0.7594E-03   0.1064E-02   0.1169E-02   0.1664E-02   0.1925E-02   0.2797E-02   0.3430E-02   0.5128E-02   0.6684E-02   0.1031E-01   0.1408E-01   0.2193E-01   0.2932E-01   0.4473E-01   0.1027E+00   0.1124E+00   0.1265E+00   0.1312E+00   0.1367E+00   0.1392E+00   0.1419E+00   0.1433E+00   0.1433E+00   0.1433E+00   0.1433E+00   0.1433E+00   0.1433E+00
0.2680E+03   0.1033E+02   0.1215E-03   0.1173E-03   0.1474E-03   0.1397E-03   0.1806E-03   0.1710E-03   0.2256E-03   0.2153E-03   0.2883E-03   0.2791E-03   0.3783E-03   0.3739E-03   0.5121E-03   0.5207E-03   0.7205E-03   0.7589E-03   0.1063E-02   0.1169E-02   0.1663E-02   0.1924E-02   0.2796E-02   0.3429E-02   0.5128E-02   0.6684E-02   0.1031E-01   0.1408E-01   0.2193E-01   0.2932E-01   0.4473E-01   0.1027E+00   0.1124E+00   0.1265E+00   0.1312E+00   0.1367E+00   0.1392E+00   0.1419E+00   0.1419E+00   0.1419E+00   0.1419E+00   0.1419E+00   0.1419E+00
0.2690E+03   0.1067E+02   0.9822E-04   0.1208E-03   0.1151E-03   0.1462E-03   0.1381E-03   0.1796E-03   0.1699E-03   0.2248E-03   0.2144E-03   0.2876E-03   0.2784E-03   0.3776E-03   0.3733E-03   0.5114E-03   0.5201E-03   0.7198E-03   0.7584E-03   0.1062E-02   0.1168E-02   0.1662E-02   0.1924E-02   0.2796E-02   0.3429E-02   0.5127E-02   0.6683E-02   0.1031E-01   0.1408E-01   0.2193E-01   0.2932E-01   0.4473E-01   0.1027E+00   0.1124E+00   0.1265E+00   0.1312E+00   0.1367E+00   0.1393E+00   0.1393E+00   0.1393E+00   0.1393E+00   0.1393E+00   0.1393E+00
0.2700E+03   0.1100E+02   0.9964E-04   0.9624E-04   0.1199E-03   0.1135E-03   0.1453E-03   0.1369E-03   0.1787E-03   0.1689E-03   0.2240E-03   0.2137E-03   0.2869E-03   0.2778E-03   0.3768E-03   0.3728E-03   0.5107E-03   0.5195E-03   0.7189E-03   0.7578E-03   0.1061E-02   0.1168E-02   0.1661E-02   0.1923E-02   0.2795E-02   0.3429E-02   0.5126E-02   0.6683E-02   0.1031E-01   0.1408E-01   0.2193E-01   0.2932E-01   0.4473E-01   0.1027E+00   0.1124E+00   0.1265E+00   0.1312E+00   0.1367E+00   0.1367E+00   0.1367E+00   0.1367E+00   0.1367E+00   0.1367E+00
0.2710E+03   0.1133E+02   0.8129E-04   0.9922E-04   0.9463E-04   0.1190E-03   0.1122E-03   0.1444E-03   0.1359E-03   0.1780E-03   0.1682E-03   0.2233E-03   0.2130E-03   0.2861E-03   0.2772E-03   0.3761E-03   0.3722E-03   0.5098E-03   0.5189E-03   0.7180E-03   0.7572E-03   0.1060E-02   0.1167E-02   0.1660E-02   0.1923E-02   0.2794E-02   0.3428E-02   0.5125E-02   0.6683E-02   0.1031E-01   0.1408E-01   0.2193E-01   0.2932E-01   0.4474E-01   0.1027E+00   0.1125E+00   0.1266E+00   0.1312E+00   0.1312E+00   0.1312E+00   0.1312E+00   0.1312E+00   0.1312E+00
0.2720E+03   0.1167E+02   0.8246E-04   0.7984E-04   0.9856E-04   0.9335E-04   0.1182E-03   0.1112E-03   0.1437E-03   0.1351E-03   0.1772E-03   0.1675E-03   0.2226E-03   0.2124E-03   0.2854E-03   0.2766E-03   0.3752E-03   0.3716E-03   0.5089E-03   0.5183E-03   0.7170E-03   0.7566E-03   0.1059E-02   0.1167E-02   0.1659E-02   0.1922E-02   0.2792E-02   0.3427E-02   0.5124E-02   0.6682E-02   0.1031E-01   0.1408E-01   0.2193E-01   0.2931E-01   0.4474E-01   0.1027E+00   0.1125E+00   0.1266E+00   0.1266E+00   0.1266E+00   0.1266E+00   0.1266E+00   0.1266E+00
0.2730E+03   0.1200E+02   0.6792E-04   0.8219E-04   0.7860E-04   0.9784E-04   0.9234E-04   0.1175E-03   0.1104E-03   0.1429E-03   0.1344E-03   0.1765E-03   0.1669E-03   0.2218E-03   0.2118E-03   0.2845E-03   0.2760E-03   0.3743E-03   0.3709E-03   0.5079E-03   0.5177E-03   0.7159E-03   0.7559E-03   0.1058E-02   0.1166E-02   0.1658E-02   0.1921E-02   0.2791E-02   0.3426E-02   0.5124E-02   0.6681E-02   0.1031E-01   0.1407E-01   0.2194E-01   0.2931E-01   0.4476E-01   0.1027E+00   0.1126E+00   0.1126E+00   0.1126E+00   0.1126E+00   0.1126E+00   0.1126E+00
0.2740E+03   0.1233E+02   0.6874E-04   0.6684E-04   0.8163E-04   0.7760E-04   0.9711E-04   0.9152E-04   0.1167E-03   0.1097E-03   0.1421E-03   0.1338E-03   0.1757E-03   0.1663E-03   0.2209E-03   0.2113E-03   0.2835E-03   0.2754E-03   0.3732E-03   0.3704E-03   0.5067E-03   0.5171E-03   0.7147E-03   0.7553E-03   0.1057E-02   0.1165E-02   0.1656E-02   0.1921E-02   0.2791E-02   0.3426E-02   0.5124E-02   0.6680E-02   0.1031E-01   0.1407E-01   0.2195E-01   0.2929E-01   0.4482E-01   0.1027E+00   0.1027E+00   0.1027E+00   0.1027E+00   0.1027E+00   0.1027E+00
0.2370E+03   0.1267E+02   0.5723E-04   0.6850E-04   0.6590E-04   0.8095E-04   0.7680E-04   0.9633E-04   0.9086E-04   0.1159E-03   0.1091E-03   0.1412E-03   0.1333E-03   0.1747E-03   0.1658E-03   0.2198E-03   0.2108E-03   0.2823E-03   0.2750E-03   0.3718E-03   0.3701E-03   0.5052E-03   0.5169E-03   0.7130E-03   0.7553E-03   0.1055E-02   0.1166E-02   0.1655E-02   0.1922E-02   0.2790E-02   0.3428E-02   0.5128E-02   0.6687E-02   0.1033E-01   0.1409E-01   0.2202E-01   0.2932E-01   0.4536E-01   0.4536E-01   0.4536E-01   0.4536E-01   0.4536E-01   0.4536E-01
0.1184E+04   0.1293E+02   0.5848E-04   0.5764E-04   0.6896E-04   0.6661E-04   0.8140E-04   0.7800E-04   0.9699E-04   0.9263E-04   0.1169E-03   0.1116E-03   0.1427E-03   0.1367E-03   0.1768E-03   0.1706E-03   0.2230E-03   0.2176E-03   0.2873E-03   0.2849E-03   0.3797E-03   0.3848E-03   0.5180E-03   0.5400E-03   0.7349E-03   0.7932E-03   0.1094E-02   0.1232E-02   0.1729E-02   0.2046E-02   0.2941E-02   0.3681E-02   0.5460E-02   0.7244E-02   0.1109E-01   0.1533E-01   0.2361E-01   0.3171E-01   0.3171E-01   0.3171E-01   0.3171E-01   0.3171E-01   0.3171E-01
0.1185E+04   0.1323E+02   0.5011E-04   0.5863E-04   0.5757E-04   0.6878E-04   0.6677E-04   0.8120E-04   0.7845E-04   0.9685E-04   0.9342E-04   0.1169E-03   0.1129E-03   0.1428E-03   0.1385E-03   0.1772E-03   0.1732E-03   0.2239E-03   0.2214E-03   0.2890E-03   0.2905E-03   0.3829E-03   0.3933E-03   0.5237E-03   0.5534E-03   0.7452E-03   0.8153E-03   0.1113E-02   0.1270E-02   0.1767E-02   0.2118E-02   0.3022E-02   0.3829E-02   0.5639E-02   0.7568E-02   0.1151E-01   0.1605E-01   0.2447E-01   0.2447E-01   0.2447E-01   0.2447E-01   0.2447E-01   0.2447E-01
0.1186E+04   0.1356E+02   0.4959E-04   0.4952E-04   0.5804E-04   0.5693E-04   0.6796E-04   0.6620E-04   0.8027E-04   0.7795E-04   0.9581E-04   0.9298E-04   0.1157E-03   0.1125E-03   0.1415E-03   0.1382E-03   0.1757E-03   0.1730E-03   0.2222E-03   0.2214E-03   0.2870E-03   0.2907E-03   0.3805E-03   0.3940E-03   0.5209E-03   0.5546E-03   0.7417E-03   0.8174E-03   0.1109E-02   0.1274E-02   0.1761E-02   0.2124E-02   0.3012E-02   0.3838E-02   0.5624E-02   0.7586E-02   0.1149E-01   0.1615E-01   0.1615E-01   0.1615E-01   0.1615E-01   0.1615E-01   0.1615E-01
0.1187E+04   0.1393E+02   0.4230E-04   0.4882E-04   0.4832E-04   0.5679E-04   0.5562E-04   0.6645E-04   0.6477E-04   0.7851E-04   0.7635E-04   0.9373E-04   0.9114E-04   0.1132E-03   0.1103E-03   0.1385E-03   0.1356E-03   0.1720E-03   0.1698E-03   0.2175E-03   0.2172E-03   0.2808E-03   0.2851E-03   0.3720E-03   0.3859E-03   0.5085E-03   0.5423E-03   0.7227E-03   0.7972E-03   0.1078E-02   0.1238E-02   0.1705E-02   0.2055E-02   0.2902E-02   0.3693E-02   0.5390E-02   0.7263E-02   0.1099E-01   0.1099E-01   0.1099E-01   0.1099E-01   0.1099E-01   0.1099E-01
0.1188E+04   0.1435E+02   0.4078E-04   0.4080E-04   0.4730E-04   0.4650E-04   0.5486E-04   0.5354E-04   0.6416E-04   0.6237E-04   0.7579E-04   0.7354E-04   0.9049E-04   0.8779E-04   0.1093E-03   0.1062E-03   0.1337E-03   0.1306E-03   0.1659E-03   0.1633E-03   0.2095E-03   0.2087E-03   0.2701E-03   0.2733E-03   0.3569E-03   0.3688E-03   0.4862E-03   0.5160E-03   0.6876E-03   0.7543E-03   0.1019E-02   0.1163E-02   0.1598E-02   0.1912E-02   0.2692E-02   0.3398E-02   0.4943E-02   0.6635E-02   0.6635E-02   0.6635E-02   0.6635E-02   0.6635E-02   0.6635E-02
0.1189E+04   0.1482E+02   0.3423E-04   0.3921E-04   0.3867E-04   0.4511E-04   0.4398E-04   0.5221E-04   0.5060E-04   0.6101E-04   0.5892E-04   0.7204E-04   0.6944E-04   0.8598E-04   0.8287E-04   0.1038E-03   0.1002E-03   0.1269E-03   0.1230E-03   0.1573E-03   0.1537E-03   0.1983E-03   0.1958E-03   0.2549E-03   0.2556E-03   0.3355E-03   0.3432E-03   0.4544E-03   0.4769E-03   0.6377E-03   0.6909E-03   0.9351E-03   0.1053E-02   0.1448E-02   0.1706E-02   0.2400E-02   0.2979E-02   0.4330E-02   0.4330E-02   0.4330E-02   0.4330E-02   0.4330E-02   0.4330E-02
0.1190E+04   0.1535E+02   0.3228E-04   0.3200E-04   0.3692E-04   0.3589E-04   0.4224E-04   0.4070E-04   0.4878E-04   0.4675E-04   0.5694E-04   0.5437E-04   0.6720E-04   0.6402E-04   0.8019E-04   0.7635E-04   0.9678E-04   0.9226E-04   0.1182E-03   0.1131E-03   0.1464E-03   0.1410E-03   0.1841E-03   0.1791E-03   0.2358E-03   0.2325E-03   0.3086E-03   0.3101E-03   0.4147E-03   0.4271E-03   0.5760E-03   0.6113E-03   0.8330E-03   0.9171E-03   0.1267E-02   0.1457E-02   0.2055E-02   0.2497E-02   0.2497E-02   0.2497E-02   0.2497E-02   0.2497E-02   0.2497E-02
0.1191E+04   0.1594E+02   0.2638E-04   0.3008E-04   0.2913E-04   0.3397E-04   0.3243E-04   0.3865E-04   0.3660E-04   0.4452E-04   0.4191E-04   0.5190E-04   0.4867E-04   0.6125E-04   0.5726E-04   0.7310E-04   0.6826E-04   0.8826E-04   0.8245E-04   0.1078E-03   0.1010E-03   0.1334E-03   0.1256E-03   0.1673E-03   0.1590E-03   0.2134E-03   0.2053E-03   0.2775E-03   0.2716E-03   0.3696E-03   0.3698E-03   0.5068E-03   0.5216E-03   0.7208E-03   0.7674E-03   0.1073E-02   0.1190E-02   0.1694E-02   0.1694E-02   0.1694E-02   0.1694E-02   0.1694E-02   0.1694E-02
0.1192E+04   0.1660E+02   0.2444E-04   0.2360E-04   0.2719E-04   0.2561E-04   0.3033E-04   0.2820E-04   0.3429E-04   0.3161E-04   0.3936E-04   0.3605E-04   0.4586E-04   0.4179E-04   0.5416E-04   0.4917E-04   0.6477E-04   0.5867E-04   0.7835E-04   0.7094E-04   0.9586E-04   0.8694E-04   0.1186E-03   0.1080E-03   0.1486E-03   0.1363E-03   0.1889E-03   0.1751E-03   0.2441E-03   0.2297E-03   0.3219E-03   0.3089E-03   0.4354E-03   0.4283E-03   0.6078E-03   0.6161E-03   0.8838E-03   0.9354E-03   0.9354E-03   0.9354E-03   0.9354E-03   0.9354E-03   0.9354E-03
0.1193E+04   0.1735E+02   0.1925E-04   0.2179E-04   0.2017E-04   0.2361E-04   0.2137E-04   0.2594E-04   0.2313E-04   0.2906E-04   0.2564E-04   0.3324E-04   0.2907E-04   0.3875E-04   0.3367E-04   0.4592E-04   0.3972E-04   0.5520E-04   0.4761E-04   0.6715E-04   0.5787E-04   0.8257E-04   0.7123E-04   0.1026E-03   0.8876E-04   0.1287E-03   0.1120E-03   0.1633E-03   0.1434E-03   0.2101E-03   0.1867E-03   0.2747E-03   0.2481E-03   0.3666E-03   0.3377E-03   0.5024E-03   0.4740E-03   0.7102E-03   0.7102E-03   0.7102E-03   0.7102E-03   0.7102E-03   0.7102E-03
0.1194E+04   0.1818E+02   0.1774E-04   0.1611E-04   0.1843E-04   0.1603E-04   0.1927E-04   0.1627E-04   0.2065E-04   0.1704E-04   0.2282E-04   0.1850E-04   0.2599E-04   0.2081E-04   0.3041E-04   0.2415E-04   0.3639E-04   0.2878E-04   0.4430E-04   0.3501E-04   0.5463E-04   0.4324E-04   0.6805E-04   0.5402E-04   0.8543E-04   0.6813E-04   0.1080E-03   0.8669E-04   0.1377E-03   0.1113E-03   0.1771E-03   0.1445E-03   0.2304E-03   0.1902E-03   0.3045E-03   0.2544E-03   0.4108E-03   0.3529E-03   0.3529E-03   0.3529E-03   0.3529E-03   0.3529E-03   0.3529E-03
0.1195E+04   0.1912E+02   0.1354E-04   0.1485E-04   0.1223E-04   0.1425E-04   0.1096E-04   0.1394E-04   0.1003E-04   0.1419E-04   0.9613E-05   0.1522E-04   0.9836E-05   0.1723E-04   0.1085E-04   0.2045E-04   0.1282E-04   0.2515E-04   0.1594E-04   0.3168E-04   0.2047E-04   0.4046E-04   0.2671E-04   0.5204E-04   0.3506E-04   0.6715E-04   0.4608E-04   0.8680E-04   0.6049E-04   0.1124E-03   0.7933E-04   0.1460E-03   0.1041E-03   0.1907E-03   0.1369E-03   0.2514E-03   0.1809E-03   0.3333E-03   0.3333E-03   0.3333E-03   0.3333E-03   0.3333E-03   0.3333E-03
0.1196E+04   0.2017E+02   0.1312E-04   0.1025E-04   0.1106E-04   0.7325E-05   0.8906E-05   0.4526E-05   0.7113E-05   0.2084E-05   0.5921E-05   0.1453E-06   0.5523E-05   -.1163E-05   0.6116E-05   -.1708E-05   0.7921E-05   -.1341E-05   0.1120E-04   0.1077E-06   0.1626E-04   0.2837E-05   0.2349E-04   0.7086E-05   0.3338E-04   0.1315E-04   0.4656E-04   0.2140E-04   0.6388E-04   0.3229E-04   0.8648E-04   0.4642E-04   0.1160E-03   0.6451E-04   0.1550E-03   0.8740E-04   0.2073E-03   0.1202E-03   0.1202E-03   0.1202E-03   0.1202E-03   0.1202E-03   0.1202E-03
0.1197E+04   0.2135E+02   0.1073E-04   0.1024E-04   0.5834E-05   0.5852E-05   0.6809E-06   0.1540E-05   -.4285E-05   -.2341E-05   -.8869E-05   -.5574E-05   -.1293E-04   -.7971E-05   -.1636E-04   -.9337E-05   -.1902E-04   -.9453E-05   -.2078E-04   -.8066E-05   -.2149E-04   -.4872E-05   -.2099E-04   0.5015E-06   -.1907E-04   0.8517E-05   -.1552E-04   0.1977E-04   -.1009E-04   0.3503E-04   -.2474E-05   0.5537E-04   0.7604E-05   0.8229E-04   0.2036E-04   0.1181E-03   0.3584E-04   0.1632E-03   0.1632E-03   0.1632E-03   0.1632E-03   0.1632E-03   0.1632E-03
0.1183E+04   0.2267E+02   0.1309E-04   0.7681E-05   0.5715E-05   -.8195E-06   -.2183E-05   -.9454E-05   -.9897E-05   -.1786E-04   -.1712E-04   -.2587E-04   -.2367E-04   -.3337E-04   -.2936E-04   -.4025E-04   -.3401E-04   -.4641E-04   -.3742E-04   -.5174E-04   -.3934E-04   -.5612E-04   -.3948E-04   -.5942E-04   -.3750E-04   -.6150E-04   -.3293E-04   -.6219E-04   -.2519E-04   -.6133E-04   -.1351E-04   -.5874E-04   0.3213E-05   -.5435E-04   0.2661E-04   -.4829E-04   0.5926E-04   -.3702E-04   -.3702E-04   -.3702E-04   -.3702E-04   -.3702E-04   -.3702E-04
