          Time             SX              SY              SZ             SXY             SYZ             SXZ              S1             S2             S3            SINT             SEQ            SEPL            SRAT          HPRESS
   1.00000E-05     0.0000         0.0000         0.0000         0.0000         0.0000         0.0000         0.0000         0.0000         0.0000         0.0000         0.0000         0.0000         0.0000         0.0000
   2.00000E-05     0.0000         0.0000         0.0000         0.0000         0.0000         0.0000         0.0000         0.0000         0.0000         0.0000         0.0000         0.0000         0.0000         0.0000
   3.50000E-05     0.0000         0.0000         0.0000         0.0000         0.0000         0.0000         0.0000         0.0000         0.0000         0.0000         0.0000         0.0000         0.0000         0.0000
   5.75000E-05     0.0000         0.0000         0.0000         0.0000         0.0000         0.0000         0.0000         0.0000         0.0000         0.0000         0.0000         0.0000         0.0000         0.0000
   7.87500E-05     0.0000         0.0000         0.0000         0.0000         0.0000         0.0000         0.0000         0.0000         0.0000         0.0000         0.0000         0.0000         0.0000         0.0000
   1.00000E-04     0.0000         0.0000         0.0000         0.0000         0.0000         0.0000         0.0000         0.0000         0.0000         0.0000         0.0000         0.0000         0.0000         0.0000
   1.09900E-03   -2.22045E-16   -0.47529       -0.18536       -3.14341E-17     0.0000         0.0000         0.0000       -0.18536       -0.47529        0.47529        0.41492         0.0000         0.0000       -0.22022
   2.09800E-03   -1.55431E-15   -0.95058       -0.37073       -6.28681E-17     0.0000         0.0000         0.0000       -0.37073       -0.95058        0.95058        0.82984         0.0000         0.0000       -0.44044
   3.09800E-03    2.22045E-15    -1.4264       -0.55628        1.88604E-16     0.0000         0.0000         0.0000       -0.55628        -1.4264         1.4264         1.2452         0.0000         0.0000       -0.66088
   4.09800E-03   -1.90953E-03    -1.6821       -0.68047        2.17080E-16     0.0000         0.0000       -1.90953E-03   -0.68047        -1.6821         1.6802         1.4640         0.0000         1.0000       -0.78815
   5.09800E-03   -1.39198E-03    -1.8028       -0.75887        1.75426E-16     0.0000         0.0000       -1.39198E-03   -0.75887        -1.8028         1.8014         1.5666         0.0000         1.0000       -0.85436
   6.09800E-03   -4.26603E-04    -1.9225       -0.83197        3.48935E-16     0.0000         0.0000       -4.26603E-04   -0.83197        -1.9225         1.9221         1.6696         0.0000         1.0000       -0.91829
   7.09800E-03   -1.42152E-04    -2.0424       -0.90191       -1.27208E-16     0.0000         0.0000       -1.42152E-04   -0.90191        -2.0424         2.0422         1.7726         0.0000         1.0000       -0.98147
   8.09800E-03   -1.39773E-04    -2.1623       -0.96933        3.13299E-16     0.0000         0.0000       -1.39773E-04   -0.96933        -2.1623         2.1621         1.8758         0.0000         1.0000        -1.0439
   9.09800E-03   -1.39446E-04    -2.2820        -1.0347       -1.59494E-16     0.0000         0.0000       -1.39446E-04    -1.0347        -2.2820         2.2819         1.9790         0.0000         1.0000        -1.1056
   1.00980E-02   -1.11289E-04    -2.4016        -1.0984        7.79622E-17     0.0000         0.0000       -1.11289E-04    -1.0984        -2.4016         2.4015         2.0823         0.0000         1.0000        -1.1667
   1.10980E-02   -8.26071E-05    -2.5212        -1.1609        4.95927E-16     0.0000         0.0000       -8.26071E-05    -1.1609        -2.5212         2.5211         2.1857         0.0000         1.0000        -1.2274
   1.20980E-02   -6.30987E-05    -2.6408        -1.2224       -8.70442E-16     0.0000         0.0000       -6.30987E-05    -1.2224        -2.6408         2.6407         2.2890         0.0000         1.0000        -1.2877
   1.30980E-02   -5.01038E-05    -2.7603        -1.2831       -5.35146E-16     0.0000         0.0000       -5.01038E-05    -1.2831        -2.7603         2.7603         2.3924         0.0000         1.0000        -1.3478
   1.40980E-02   -4.04159E-05    -2.8798        -1.3432        6.27918E-16     0.0000         0.0000       -4.04159E-05    -1.3432        -2.8798         2.8798         2.4959         0.0000         1.0000        -1.4077
   1.50980E-02   -3.27570E-05    -2.9994        -1.4027        2.74653E-15     0.0000         0.0000       -3.27570E-05    -1.4027        -2.9994         2.9993         2.5993         0.0000         1.0000        -1.4674
   1.60980E-02   -2.66986E-05    -3.1189        -1.4619        3.51613E-15     0.0000         0.0000       -2.66986E-05    -1.4619        -3.1189         3.1188         2.7028         0.0000         1.0000        -1.5269
   1.70980E-02   -1.98076E-03    -3.1214        -1.4779        4.20693E-16     0.0000         0.0000       -1.98076E-03    -1.4779        -3.1214         3.1194         2.7028         0.0000         1.0000        -1.5338
   1.80980E-02   -8.74750E-04    -3.1207        -1.4895       -2.19076E-15     0.0000         0.0000       -8.74750E-04    -1.4895        -3.1207         3.1198         2.7028         0.0000         1.0000        -1.5370
   1.90980E-02   -8.82806E-05    -3.1202        -1.4994        2.81876E-15     0.0000         0.0000       -8.82806E-05    -1.4994        -3.1202         3.1201         2.7028         0.0000         1.0000        -1.5399
   2.00980E-02    1.95493E-05    -3.1203        -1.5083       -1.67783E-16     0.0000         0.0000        1.95493E-05    -1.5083        -3.1203         3.1203         2.7028         0.0000         1.0000        -1.5429
   2.10980E-02   -6.85393E-05    -3.1205        -1.5161        1.55539E-15     0.0000         0.0000       -6.85393E-05    -1.5161        -3.1205         3.1205         2.7028         0.0000         1.0000        -1.5456
   2.20980E-02   -1.07317E-04    -3.1207        -1.5226       -2.93015E-15     0.0000         0.0000       -1.07317E-04    -1.5226        -3.1207         3.1206         2.7028         0.0000         1.0000        -1.5478
   2.30980E-02   -9.37648E-05    -3.1207        -1.5282       -2.47127E-15     0.0000         0.0000       -9.37648E-05    -1.5282        -3.1207         3.1207         2.7028         0.0000         1.0000        -1.5497
   2.40980E-02   -7.15784E-05    -3.1208        -1.5329       -8.11678E-16     0.0000         0.0000       -7.15784E-05    -1.5329        -3.1208         3.1207         2.7028         0.0000         1.0000        -1.5513
   2.50980E-02   -5.73603E-05    -3.1208        -1.5370        3.55698E-15     0.0000         0.0000       -5.73603E-05    -1.5370        -3.1208         3.1208         2.7028         0.0000         1.0000        -1.5526
   2.60980E-02   -4.90018E-05    -3.1208        -1.5404       -3.78657E-15     0.0000         0.0000       -4.90018E-05    -1.5404        -3.1208         3.1208         2.7028         0.0000         1.0000        -1.5538
   2.70980E-02   -4.24376E-05    -3.1209        -1.5434        1.99847E-16     0.0000         0.0000       -4.24376E-05    -1.5434        -3.1209         3.1208         2.7028         0.0000         1.0000        -1.5548
   2.80980E-02   -3.63691E-05    -3.1209        -1.5459       -4.07268E-15     0.0000         0.0000       -3.63691E-05    -1.5459        -3.1209         3.1208         2.7028         0.0000         1.0000        -1.5556
   2.90980E-02   -3.09256E-05    -3.1209        -1.5480       -3.43432E-15     0.0000         0.0000       -3.09256E-05    -1.5480        -3.1209         3.1208         2.7028         0.0000         1.0000        -1.5563
   3.00980E-02   -2.62804E-05    -3.1209        -1.5499       -3.51341E-16     0.0000         0.0000       -2.62804E-05    -1.5499        -3.1209         3.1209         2.7028         0.0000         1.0000        -1.5569
   3.10980E-02   -2.23752E-05    -3.1209        -1.5514        9.76042E-16     0.0000         0.0000       -2.23752E-05    -1.5514        -3.1209         3.1209         2.7028         0.0000         1.0000        -1.5574
   3.20980E-02   -1.90718E-05    -3.1209        -1.5527       -4.26615E-15     0.0000         0.0000       -1.90718E-05    -1.5527        -3.1209         3.1209         2.7028         0.0000         1.0000        -1.5579
   3.30980E-02   -1.62582E-05    -3.1209        -1.5539        1.49182E-15     0.0000         0.0000       -1.62582E-05    -1.5539        -3.1209         3.1209         2.7028         0.0000         1.0000        -1.5583
   3.40980E-02   -1.38578E-05    -3.1209        -1.5548       -1.28662E-15     0.0000         0.0000       -1.38578E-05    -1.5548        -3.1209         3.1209         2.7028         0.0000         1.0000        -1.5586
   3.50980E-02   -1.18117E-05    -3.1209        -1.5557       -3.62942E-15     0.0000         0.0000       -1.18117E-05    -1.5557        -3.1209         3.1209         2.7028         0.0000         1.0000        -1.5589
   3.60980E-02   -1.00688E-05    -3.1209        -1.5564       -1.36401E-15     0.0000         0.0000       -1.00688E-05    -1.5564        -3.1209         3.1209         2.7028         0.0000         1.0000        -1.5591
   3.70980E-02   -8.58404E-06    -3.1209        -1.5570        5.46204E-16     0.0000         0.0000       -8.58404E-06    -1.5570        -3.1209         3.1209         2.7028         0.0000         1.0000        -1.5593
   3.80980E-02   -7.31877E-06    -3.1209        -1.5575       -3.87607E-16     0.0000         0.0000       -7.31877E-06    -1.5575        -3.1209         3.1209         2.7028         0.0000         1.0000        -1.5595
   3.90980E-02   -6.24033E-06    -3.1209        -1.5579        3.06582E-15     0.0000         0.0000       -6.24033E-06    -1.5579        -3.1209         3.1209         2.7028         0.0000         1.0000        -1.5596
   4.00980E-02   -5.32102E-06    -3.1209        -1.5583        8.88763E-16     0.0000         0.0000       -5.32102E-06    -1.5583        -3.1209         3.1209         2.7028         0.0000         1.0000        -1.5597
   4.10980E-02   -4.53733E-06    -3.1209        -1.5586       -9.46919E-16     0.0000         0.0000       -4.53733E-06    -1.5586        -3.1209         3.1209         2.7028         0.0000         1.0000        -1.5598
   4.20980E-02   -3.86919E-06    -3.1209        -1.5589       -2.49475E-15     0.0000         0.0000       -3.86919E-06    -1.5589        -3.1209         3.1209         2.7028         0.0000         1.0000        -1.5599
   4.30980E-02   -3.29955E-06    -3.1209        -1.5591       -2.10354E-15     0.0000         0.0000       -3.29955E-06    -1.5591        -3.1209         3.1209         2.7028         0.0000         1.0000        -1.5600
   4.40980E-02   -2.81384E-06    -3.1209        -1.5593       -9.25528E-16     0.0000         0.0000       -2.81384E-06    -1.5593        -3.1209         3.1209         2.7028         0.0000         1.0000        -1.5601
   4.50980E-02   -2.39968E-06    -3.1209        -1.5595       -5.02116E-15     0.0000         0.0000       -2.39968E-06    -1.5595        -3.1209         3.1209         2.7028         0.0000         1.0000        -1.5601
   4.60980E-02   -2.04652E-06    -3.1209        -1.5596       -3.38562E-15     0.0000         0.0000       -2.04652E-06    -1.5596        -3.1209         3.1209         2.7028         0.0000         1.0000        -1.5602
   4.70980E-02   -1.74536E-06    -3.1209        -1.5597       -2.85470E-15     0.0000         0.0000       -1.74536E-06    -1.5597        -3.1209         3.1209         2.7028         0.0000         1.0000        -1.5602
   4.80980E-02   -1.48854E-06    -3.1209        -1.5598        4.37817E-15     0.0000         0.0000       -1.48854E-06    -1.5598        -3.1209         3.1209         2.7028         0.0000         1.0000        -1.5602
   4.90980E-02   -1.26952E-06    -3.1209        -1.5599       -3.09360E-15     0.0000         0.0000       -1.26952E-06    -1.5599        -3.1209         3.1209         2.7028         0.0000         1.0000        -1.5603
   5.00980E-02   -1.08274E-06    -3.1209        -1.5600       -6.00108E-15     0.0000         0.0000       -1.08274E-06    -1.5600        -3.1209         3.1209         2.7028         0.0000         1.0000        -1.5603
   5.10980E-02   -6.14992E-03    -3.0672        -1.5407       -3.28975E-15     0.0000         0.0000       -6.14992E-03    -1.5407        -3.0672         3.0610         2.6509         0.0000         1.0000        -1.5380
   5.20980E-02   -2.63955E-03    -3.0033        -1.5125        3.07854E-15     0.0000         0.0000       -2.63955E-03    -1.5125        -3.0033         3.0007         2.5987         0.0000         1.0000        -1.5061
   5.30980E-02    1.09751E-04    -2.9402        -1.4839       -2.41765E-15     0.0000         0.0000        1.09751E-04    -1.4839        -2.9402         2.9403         2.5464         0.0000         1.0000        -1.4747
   5.40980E-02    5.42198E-04    -2.8795        -1.4565       -7.70696E-15     0.0000         0.0000        5.42198E-04    -1.4565        -2.8795         2.8801         2.4943         0.0000         1.0000        -1.4452
   5.50980E-02    1.59652E-04    -2.8197        -1.4292        7.62394E-15     0.0000         0.0000        1.59652E-04    -1.4292        -2.8197         2.8199         2.4422         0.0000         1.0000        -1.4162
   5.60980E-02   -8.47388E-05    -2.7597        -1.4012        8.60147E-15     0.0000         0.0000       -8.47388E-05    -1.4012        -2.7597         2.7596         2.3900         0.0000         1.0000        -1.3870
   5.70980E-02   -1.02146E-04    -2.6995        -1.3726       -3.63398E-16     0.0000         0.0000       -1.02146E-04    -1.3726        -2.6995         2.6994         2.3379         0.0000         1.0000        -1.3574
   5.80980E-02   -5.34410E-05    -2.6392        -1.3435       -1.09708E-15     0.0000         0.0000       -5.34410E-05    -1.3435        -2.6392         2.6392         2.2857         0.0000         1.0000        -1.3276
   5.90980E-02   -2.49131E-05    -2.5789        -1.3142        3.93821E-15     0.0000         0.0000       -2.49131E-05    -1.3142        -2.5789         2.5789         2.2335         0.0000         1.0000        -1.2977
   6.00980E-02   -1.93429E-05    -2.5187        -1.2846        2.32719E-15     0.0000         0.0000       -1.93429E-05    -1.2846        -2.5187         2.5187         2.1814         0.0000         1.0000        -1.2678
   6.10980E-02   -1.97881E-05    -2.4584        -1.2548        6.60333E-15     0.0000         0.0000       -1.97881E-05    -1.2548        -2.4584         2.4584         2.1292         0.0000         1.0000        -1.2377
   6.20980E-02   -1.84229E-05    -2.3982        -1.2248        7.55704E-15     0.0000         0.0000       -1.84229E-05    -1.2248        -2.3982         2.3981         2.0770         0.0000         1.0000        -1.2077
   6.30980E-02   -1.54220E-05    -2.3379        -1.1946       -5.09731E-15     0.0000         0.0000       -1.54220E-05    -1.1946        -2.3379         2.3379         2.0248         0.0000         1.0000        -1.1775
   6.40980E-02   -1.24513E-05    -2.2776        -1.1643        6.97827E-15     0.0000         0.0000       -1.24513E-05    -1.1643        -2.2776         2.2776         1.9727         0.0000         1.0000        -1.1473
   6.50980E-02   -1.01375E-05    -2.2174        -1.1339        8.49292E-15     0.0000         0.0000       -1.01375E-05    -1.1339        -2.2174         2.2174         1.9205         0.0000         1.0000        -1.1171
   6.60980E-02   -8.35700E-06    -2.1571        -1.1034       -2.74437E-15     0.0000         0.0000       -8.35700E-06    -1.1034        -2.1571         2.1571         1.8683         0.0000         1.0000        -1.0869
   6.70980E-02    5.92055E-03    -2.1513        -1.0936        5.75659E-15     0.0000         0.0000        5.92055E-03    -1.0936        -2.1513         2.1572         1.8683         0.0000         1.0000        -1.0796
   6.80980E-02    2.35829E-03    -2.1549        -1.0924        1.56385E-14     0.0000         0.0000        2.35829E-03    -1.0924        -2.1549         2.1572         1.8683         0.0000         1.0000        -1.0816
   6.90980E-02   -1.70079E-04    -2.1574        -1.0913        1.07403E-14     0.0000         0.0000       -1.70079E-04    -1.0913        -2.1574         2.1573         1.8683         0.0000         1.0000        -1.0830
   7.00980E-02   -4.74393E-04    -2.1578        -1.0890        1.79731E-14     0.0000         0.0000       -4.74393E-04    -1.0890        -2.1578         2.1573         1.8683         0.0000         1.0000        -1.0824
   7.10980E-02   -1.16721E-04    -2.1574        -1.0868        4.65028E-15     0.0000         0.0000       -1.16721E-04    -1.0868        -2.1574         2.1573         1.8683         0.0000         1.0000        -1.0814
   7.20980E-02    7.25366E-05    -2.1572        -1.0850        1.47594E-14     0.0000         0.0000        7.25366E-05    -1.0850        -2.1572         2.1573         1.8683         0.0000         1.0000        -1.0807
   7.30980E-02    7.18088E-05    -2.1572        -1.0837        5.28880E-15     0.0000         0.0000        7.18088E-05    -1.0837        -2.1572         2.1573         1.8683         0.0000         1.0000        -1.0803
   7.40980E-02    3.11451E-05    -2.1573        -1.0827        1.20932E-14     0.0000         0.0000        3.11451E-05    -1.0827        -2.1573         2.1573         1.8683         0.0000         1.0000        -1.0800
   7.50980E-02    1.21943E-05    -2.1573        -1.0819        1.42844E-14     0.0000         0.0000        1.21943E-05    -1.0819        -2.1573         2.1573         1.8683         0.0000         1.0000        -1.0797
   7.60980E-02    9.88714E-06    -2.1573        -1.0813        1.74434E-15     0.0000         0.0000        9.88714E-06    -1.0813        -2.1573         2.1573         1.8683         0.0000         1.0000        -1.0795
   7.70980E-02    1.03915E-05    -2.1573        -1.0808        6.13011E-15     0.0000         0.0000        1.03915E-05    -1.0808        -2.1573         2.1573         1.8683         0.0000         1.0000        -1.0793
   7.80980E-02    9.24809E-06    -2.1573        -1.0803        7.46789E-17     0.0000         0.0000        9.24809E-06    -1.0803        -2.1573         2.1573         1.8683         0.0000         1.0000        -1.0792
   7.90980E-02    7.28972E-06    -2.1573        -1.0800        1.64407E-15     0.0000         0.0000        7.28972E-06    -1.0800        -2.1573         2.1573         1.8683         0.0000         1.0000        -1.0791
   8.00980E-02    5.61520E-06    -2.1573        -1.0797        7.63643E-15     0.0000         0.0000        5.61520E-06    -1.0797        -2.1573         2.1573         1.8683         0.0000         1.0000        -1.0790
   8.10980E-02    4.43185E-06    -2.1573        -1.0795        1.86993E-14     0.0000         0.0000        4.43185E-06    -1.0795        -2.1573         2.1573         1.8683         0.0000         1.0000        -1.0789
   8.20980E-02    3.56510E-06    -2.1573        -1.0793        3.63795E-15     0.0000         0.0000        3.56510E-06    -1.0793        -2.1573         2.1573         1.8683         0.0000         1.0000        -1.0789
   8.30980E-02    2.87224E-06    -2.1573        -1.0792        2.86664E-15     0.0000         0.0000        2.87224E-06    -1.0792        -2.1573         2.1573         1.8683         0.0000         1.0000        -1.0788
   8.40980E-02    2.30267E-06    -2.1573        -1.0791        6.73612E-16     0.0000         0.0000        2.30267E-06    -1.0791        -2.1573         2.1573         1.8683         0.0000         1.0000        -1.0788
   8.50980E-02    1.84082E-06    -2.1573        -1.0790        2.27243E-14     0.0000         0.0000        1.84082E-06    -1.0790        -2.1573         2.1573         1.8683         0.0000         1.0000        -1.0788
   8.60980E-02    1.47171E-06    -2.1573        -1.0789        1.47359E-14     0.0000         0.0000        1.47171E-06    -1.0789        -2.1573         2.1573         1.8683         0.0000         1.0000        -1.0788
   8.70980E-02    1.17763E-06    -2.1573        -1.0789        5.27067E-15     0.0000         0.0000        1.17763E-06    -1.0789        -2.1573         2.1573         1.8683         0.0000         1.0000        -1.0787
   8.80980E-02    9.42669E-07    -2.1573        -1.0788        2.56796E-15     0.0000         0.0000        9.42669E-07    -1.0788        -2.1573         2.1573         1.8683         0.0000         1.0000        -1.0787
   8.90980E-02    7.54525E-07    -2.1573        -1.0788        8.36454E-15     0.0000         0.0000        7.54525E-07    -1.0788        -2.1573         2.1573         1.8683         0.0000         1.0000        -1.0787
   9.00980E-02    6.03835E-07    -2.1573        -1.0788        1.83538E-15     0.0000         0.0000        6.03835E-07    -1.0788        -2.1573         2.1573         1.8683         0.0000         1.0000        -1.0787
   9.10980E-02    4.83212E-07    -2.1573        -1.0788       -6.48003E-15     0.0000         0.0000        4.83212E-07    -1.0788        -2.1573         2.1573         1.8683         0.0000         1.0000        -1.0787
   9.20980E-02    3.86690E-07    -2.1573        -1.0787        1.55022E-14     0.0000         0.0000        3.86690E-07    -1.0787        -2.1573         2.1573         1.8683         0.0000         1.0000        -1.0787
   9.30980E-02    3.09455E-07    -2.1573        -1.0787        1.53860E-14     0.0000         0.0000        3.09455E-07    -1.0787        -2.1573         2.1573         1.8683         0.0000         1.0000        -1.0787
   9.40980E-02    2.47647E-07    -2.1573        -1.0787       -5.31384E-15     0.0000         0.0000        2.47647E-07    -1.0787        -2.1573         2.1573         1.8683         0.0000         1.0000        -1.0787
   9.50980E-02    1.98183E-07    -2.1573        -1.0787        1.32506E-14     0.0000         0.0000        1.98183E-07    -1.0787        -2.1573         2.1573         1.8683         0.0000         1.0000        -1.0787
   9.60980E-02    1.58597E-07    -2.1573        -1.0787        8.85605E-15     0.0000         0.0000        1.58597E-07    -1.0787        -2.1573         2.1573         1.8683         0.0000         1.0000        -1.0787
   9.70980E-02    1.26918E-07    -2.1573        -1.0787        8.56372E-15     0.0000         0.0000        1.26918E-07    -1.0787        -2.1573         2.1573         1.8683         0.0000         1.0000        -1.0787
   9.80980E-02    1.01567E-07    -2.1573        -1.0787        1.15039E-14     0.0000         0.0000        1.01567E-07    -1.0787        -2.1573         2.1573         1.8683         0.0000         1.0000        -1.0787
   9.90490E-02    7.55924E-08    -2.1573        -1.0787        1.07620E-14     0.0000         0.0000        7.55924E-08    -1.0787        -2.1573         2.1573         1.8683         0.0000         1.0000        -1.0787
   0.10000        5.86063E-08    -2.1573        -1.0787        1.17731E-14     0.0000         0.0000        5.86063E-08    -1.0787        -2.1573         2.1573         1.8683         0.0000         1.0000        -1.0787
   7.88861E-31     0.0000         0.0000         0.0000         0.0000         0.0000         0.0000         0.0000         0.0000         0.0000         0.0000         0.0000         0.0000         0.0000         0.0000
   7.88861E-31     0.0000         0.0000         0.0000         0.0000         0.0000         0.0000         0.0000         0.0000         0.0000         0.0000         0.0000         0.0000         0.0000         0.0000
   7.88861E-31     0.0000         0.0000         0.0000         0.0000         0.0000         0.0000         0.0000         0.0000         0.0000         0.0000         0.0000         0.0000         0.0000         0.0000
   7.88861E-31     0.0000         0.0000         0.0000         0.0000         0.0000         0.0000         0.0000         0.0000         0.0000         0.0000         0.0000         0.0000         0.0000         0.0000
   7.88861E-31     0.0000         0.0000         0.0000         0.0000         0.0000         0.0000         0.0000         0.0000         0.0000         0.0000         0.0000         0.0000         0.0000         0.0000
   7.88861E-31     0.0000         0.0000         0.0000         0.0000         0.0000         0.0000         0.0000         0.0000         0.0000         0.0000         0.0000         0.0000         0.0000         0.0000
   7.88861E-31     0.0000         0.0000         0.0000         0.0000         0.0000         0.0000         0.0000         0.0000         0.0000         0.0000         0.0000         0.0000         0.0000         0.0000
   7.88861E-31     0.0000         0.0000         0.0000         0.0000         0.0000         0.0000         0.0000         0.0000         0.0000         0.0000         0.0000         0.0000         0.0000         0.0000
   7.88861E-31     0.0000         0.0000         0.0000         0.0000         0.0000         0.0000         0.0000         0.0000         0.0000         0.0000         0.0000         0.0000         0.0000         0.0000
   7.88861E-31     0.0000         0.0000         0.0000         0.0000         0.0000         0.0000         0.0000         0.0000         0.0000         0.0000         0.0000         0.0000         0.0000         0.0000
   7.88861E-31     0.0000         0.0000         0.0000         0.0000         0.0000         0.0000         0.0000         0.0000         0.0000         0.0000         0.0000         0.0000         0.0000         0.0000
   7.88861E-31     0.0000         0.0000         0.0000         0.0000         0.0000         0.0000         0.0000         0.0000         0.0000         0.0000         0.0000         0.0000         0.0000         0.0000
   7.88861E-31     0.0000         0.0000         0.0000         0.0000         0.0000         0.0000         0.0000         0.0000         0.0000         0.0000         0.0000         0.0000         0.0000         0.0000
   7.88861E-31     0.0000         0.0000         0.0000         0.0000         0.0000         0.0000         0.0000         0.0000         0.0000         0.0000         0.0000         0.0000         0.0000         0.0000
   7.88861E-31     0.0000         0.0000         0.0000         0.0000         0.0000         0.0000         0.0000         0.0000         0.0000         0.0000         0.0000         0.0000         0.0000         0.0000
   7.88861E-31     0.0000         0.0000         0.0000         0.0000         0.0000         0.0000         0.0000         0.0000         0.0000         0.0000         0.0000         0.0000         0.0000         0.0000
   7.88861E-31     0.0000         0.0000         0.0000         0.0000         0.0000         0.0000         0.0000         0.0000         0.0000         0.0000         0.0000         0.0000         0.0000         0.0000
   7.88861E-31     0.0000         0.0000         0.0000         0.0000         0.0000         0.0000         0.0000         0.0000         0.0000         0.0000         0.0000         0.0000         0.0000         0.0000
   7.88861E-31     0.0000         0.0000         0.0000         0.0000         0.0000         0.0000         0.0000         0.0000         0.0000         0.0000         0.0000         0.0000         0.0000         0.0000
   7.88861E-31     0.0000         0.0000         0.0000         0.0000         0.0000         0.0000         0.0000         0.0000         0.0000         0.0000         0.0000         0.0000         0.0000         0.0000
   7.88861E-31     0.0000         0.0000         0.0000         0.0000         0.0000         0.0000         0.0000         0.0000         0.0000         0.0000         0.0000         0.0000         0.0000         0.0000
   7.88861E-31     0.0000         0.0000         0.0000         0.0000         0.0000         0.0000         0.0000         0.0000         0.0000         0.0000         0.0000         0.0000         0.0000         0.0000
   7.88861E-31     0.0000         0.0000         0.0000         0.0000         0.0000         0.0000         0.0000         0.0000         0.0000         0.0000         0.0000         0.0000         0.0000         0.0000
   7.88861E-31     0.0000         0.0000         0.0000         0.0000         0.0000         0.0000         0.0000         0.0000         0.0000         0.0000         0.0000         0.0000         0.0000         0.0000
   7.88861E-31     0.0000         0.0000         0.0000         0.0000         0.0000         0.0000         0.0000         0.0000         0.0000         0.0000         0.0000         0.0000         0.0000         0.0000
   7.88861E-31     0.0000         0.0000         0.0000         0.0000         0.0000         0.0000         0.0000         0.0000         0.0000         0.0000         0.0000         0.0000         0.0000         0.0000
   7.88861E-31     0.0000         0.0000         0.0000         0.0000         0.0000         0.0000         0.0000         0.0000         0.0000         0.0000         0.0000         0.0000         0.0000         0.0000
   7.88861E-31     0.0000         0.0000         0.0000         0.0000         0.0000         0.0000         0.0000         0.0000         0.0000         0.0000         0.0000         0.0000         0.0000         0.0000
   7.88861E-31     0.0000         0.0000         0.0000         0.0000         0.0000         0.0000         0.0000         0.0000         0.0000         0.0000         0.0000         0.0000         0.0000         0.0000
   7.88861E-31     0.0000         0.0000         0.0000         0.0000         0.0000         0.0000         0.0000         0.0000         0.0000         0.0000         0.0000         0.0000         0.0000         0.0000
   7.88861E-31     0.0000         0.0000         0.0000         0.0000         0.0000         0.0000         0.0000         0.0000         0.0000         0.0000         0.0000         0.0000         0.0000         0.0000
   7.88861E-31     0.0000         0.0000         0.0000         0.0000         0.0000         0.0000         0.0000         0.0000         0.0000         0.0000         0.0000         0.0000         0.0000         0.0000
   7.88861E-31     0.0000         0.0000         0.0000         0.0000         0.0000         0.0000         0.0000         0.0000         0.0000         0.0000         0.0000         0.0000         0.0000         0.0000
   7.88861E-31     0.0000         0.0000         0.0000         0.0000         0.0000         0.0000         0.0000         0.0000         0.0000         0.0000         0.0000         0.0000         0.0000         0.0000
   7.88861E-31     0.0000         0.0000         0.0000         0.0000         0.0000         0.0000         0.0000         0.0000         0.0000         0.0000         0.0000         0.0000         0.0000         0.0000
   7.88861E-31     0.0000         0.0000         0.0000         0.0000         0.0000         0.0000         0.0000         0.0000         0.0000         0.0000         0.0000         0.0000         0.0000         0.0000
   7.88861E-31     0.0000         0.0000         0.0000         0.0000         0.0000         0.0000         0.0000         0.0000         0.0000         0.0000         0.0000         0.0000         0.0000         0.0000
   7.88861E-31     0.0000         0.0000         0.0000         0.0000         0.0000         0.0000         0.0000         0.0000         0.0000         0.0000         0.0000         0.0000         0.0000         0.0000
   7.88861E-31     0.0000         0.0000         0.0000         0.0000         0.0000         0.0000         0.0000         0.0000         0.0000         0.0000         0.0000         0.0000         0.0000         0.0000
   7.88861E-31     0.0000         0.0000         0.0000         0.0000         0.0000         0.0000         0.0000         0.0000         0.0000         0.0000         0.0000         0.0000         0.0000         0.0000
   7.88861E-31     0.0000         0.0000         0.0000         0.0000         0.0000         0.0000         0.0000         0.0000         0.0000         0.0000         0.0000         0.0000         0.0000         0.0000
   7.88861E-31     0.0000         0.0000         0.0000         0.0000         0.0000         0.0000         0.0000         0.0000         0.0000         0.0000         0.0000         0.0000         0.0000         0.0000
   7.88861E-31     0.0000         0.0000         0.0000         0.0000         0.0000         0.0000         0.0000         0.0000         0.0000         0.0000         0.0000         0.0000         0.0000         0.0000
   7.88861E-31     0.0000         0.0000         0.0000         0.0000         0.0000         0.0000         0.0000         0.0000         0.0000         0.0000         0.0000         0.0000         0.0000         0.0000
   7.88861E-31     0.0000         0.0000         0.0000         0.0000         0.0000         0.0000         0.0000         0.0000         0.0000         0.0000         0.0000         0.0000         0.0000         0.0000
   7.88861E-31     0.0000         0.0000         0.0000         0.0000         0.0000         0.0000         0.0000         0.0000         0.0000         0.0000         0.0000         0.0000         0.0000         0.0000
   7.88861E-31     0.0000         0.0000         0.0000         0.0000         0.0000         0.0000         0.0000         0.0000         0.0000         0.0000         0.0000         0.0000         0.0000         0.0000
   7.88861E-31     0.0000         0.0000         0.0000         0.0000         0.0000         0.0000         0.0000         0.0000         0.0000         0.0000         0.0000         0.0000         0.0000         0.0000
   7.88861E-31     0.0000         0.0000         0.0000         0.0000         0.0000         0.0000         0.0000         0.0000         0.0000         0.0000         0.0000         0.0000         0.0000         0.0000
   7.88861E-31     0.0000         0.0000         0.0000         0.0000         0.0000         0.0000         0.0000         0.0000         0.0000         0.0000         0.0000         0.0000         0.0000         0.0000
   7.88861E-31     0.0000         0.0000         0.0000         0.0000         0.0000         0.0000         0.0000         0.0000         0.0000         0.0000         0.0000         0.0000         0.0000         0.0000
   7.88861E-31     0.0000         0.0000         0.0000         0.0000         0.0000         0.0000         0.0000         0.0000         0.0000         0.0000         0.0000         0.0000         0.0000         0.0000
   7.88861E-31     0.0000         0.0000         0.0000         0.0000         0.0000         0.0000         0.0000         0.0000         0.0000         0.0000         0.0000         0.0000         0.0000         0.0000
   7.88861E-31     0.0000         0.0000         0.0000         0.0000         0.0000         0.0000         0.0000         0.0000         0.0000         0.0000         0.0000         0.0000         0.0000         0.0000
   7.88861E-31     0.0000         0.0000         0.0000         0.0000         0.0000         0.0000         0.0000         0.0000         0.0000         0.0000         0.0000         0.0000         0.0000         0.0000
   7.88861E-31     0.0000         0.0000         0.0000         0.0000         0.0000         0.0000         0.0000         0.0000         0.0000         0.0000         0.0000         0.0000         0.0000         0.0000
   7.88861E-31     0.0000         0.0000         0.0000         0.0000         0.0000         0.0000         0.0000         0.0000         0.0000         0.0000         0.0000         0.0000         0.0000         0.0000
   7.88861E-31     0.0000         0.0000         0.0000         0.0000         0.0000         0.0000         0.0000         0.0000         0.0000         0.0000         0.0000         0.0000         0.0000         0.0000
   7.88861E-31     0.0000         0.0000         0.0000         0.0000         0.0000         0.0000         0.0000         0.0000         0.0000         0.0000         0.0000         0.0000         0.0000         0.0000
   7.88861E-31     0.0000         0.0000         0.0000         0.0000         0.0000         0.0000         0.0000         0.0000         0.0000         0.0000         0.0000         0.0000         0.0000         0.0000
   7.88861E-31     0.0000         0.0000         0.0000         0.0000         0.0000         0.0000         0.0000         0.0000         0.0000         0.0000         0.0000         0.0000         0.0000         0.0000
   7.88861E-31     0.0000         0.0000         0.0000         0.0000         0.0000         0.0000         0.0000         0.0000         0.0000         0.0000         0.0000         0.0000         0.0000         0.0000
   7.88861E-31     0.0000         0.0000         0.0000         0.0000         0.0000         0.0000         0.0000         0.0000         0.0000         0.0000         0.0000         0.0000         0.0000         0.0000
   7.88861E-31     0.0000         0.0000         0.0000         0.0000         0.0000         0.0000         0.0000         0.0000         0.0000         0.0000         0.0000         0.0000         0.0000         0.0000
   7.88861E-31     0.0000         0.0000         0.0000         0.0000         0.0000         0.0000         0.0000         0.0000         0.0000         0.0000         0.0000         0.0000         0.0000         0.0000
   7.88861E-31     0.0000         0.0000         0.0000         0.0000         0.0000         0.0000         0.0000         0.0000         0.0000         0.0000         0.0000         0.0000         0.0000         0.0000
   7.88861E-31     0.0000         0.0000         0.0000         0.0000         0.0000         0.0000         0.0000         0.0000         0.0000         0.0000         0.0000         0.0000         0.0000         0.0000
   7.88861E-31     0.0000         0.0000         0.0000         0.0000         0.0000         0.0000         0.0000         0.0000         0.0000         0.0000         0.0000         0.0000         0.0000         0.0000
   7.88861E-31     0.0000         0.0000         0.0000         0.0000         0.0000         0.0000         0.0000         0.0000         0.0000         0.0000         0.0000         0.0000         0.0000         0.0000
   7.88861E-31     0.0000         0.0000         0.0000         0.0000         0.0000         0.0000         0.0000         0.0000         0.0000         0.0000         0.0000         0.0000         0.0000         0.0000
   7.88861E-31     0.0000         0.0000         0.0000         0.0000         0.0000         0.0000         0.0000         0.0000         0.0000         0.0000         0.0000         0.0000         0.0000         0.0000
   7.88861E-31     0.0000         0.0000         0.0000         0.0000         0.0000         0.0000         0.0000         0.0000         0.0000         0.0000         0.0000         0.0000         0.0000         0.0000
   7.88861E-31     0.0000         0.0000         0.0000         0.0000         0.0000         0.0000         0.0000         0.0000         0.0000         0.0000         0.0000         0.0000         0.0000         0.0000
   7.88861E-31     0.0000         0.0000         0.0000         0.0000         0.0000         0.0000         0.0000         0.0000         0.0000         0.0000         0.0000         0.0000         0.0000         0.0000
   7.88861E-31     0.0000         0.0000         0.0000         0.0000         0.0000         0.0000         0.0000         0.0000         0.0000         0.0000         0.0000         0.0000         0.0000         0.0000
   7.88861E-31     0.0000         0.0000         0.0000         0.0000         0.0000         0.0000         0.0000         0.0000         0.0000         0.0000         0.0000         0.0000         0.0000         0.0000
   7.88861E-31     0.0000         0.0000         0.0000         0.0000         0.0000         0.0000         0.0000         0.0000         0.0000         0.0000         0.0000         0.0000         0.0000         0.0000
   7.88861E-31     0.0000         0.0000         0.0000         0.0000         0.0000         0.0000         0.0000         0.0000         0.0000         0.0000         0.0000         0.0000         0.0000         0.0000
   7.88861E-31     0.0000         0.0000         0.0000         0.0000         0.0000         0.0000         0.0000         0.0000         0.0000         0.0000         0.0000         0.0000         0.0000         0.0000
   7.88861E-31     0.0000         0.0000         0.0000         0.0000         0.0000         0.0000         0.0000         0.0000         0.0000         0.0000         0.0000         0.0000         0.0000         0.0000
   7.88861E-31     0.0000         0.0000         0.0000         0.0000         0.0000         0.0000         0.0000         0.0000         0.0000         0.0000         0.0000         0.0000         0.0000         0.0000
   7.88861E-31     0.0000         0.0000         0.0000         0.0000         0.0000         0.0000         0.0000         0.0000         0.0000         0.0000         0.0000         0.0000         0.0000         0.0000
   7.88861E-31     0.0000         0.0000         0.0000         0.0000         0.0000         0.0000         0.0000         0.0000         0.0000         0.0000         0.0000         0.0000         0.0000         0.0000
   7.88861E-31     0.0000         0.0000         0.0000         0.0000         0.0000         0.0000         0.0000         0.0000         0.0000         0.0000         0.0000         0.0000         0.0000         0.0000
   7.88861E-31     0.0000         0.0000         0.0000         0.0000         0.0000         0.0000         0.0000         0.0000         0.0000         0.0000         0.0000         0.0000         0.0000         0.0000
   7.88861E-31     0.0000         0.0000         0.0000         0.0000         0.0000         0.0000         0.0000         0.0000         0.0000         0.0000         0.0000         0.0000         0.0000         0.0000
   7.88861E-31     0.0000         0.0000         0.0000         0.0000         0.0000         0.0000         0.0000         0.0000         0.0000         0.0000         0.0000         0.0000         0.0000         0.0000
   7.88861E-31     0.0000         0.0000         0.0000         0.0000         0.0000         0.0000         0.0000         0.0000         0.0000         0.0000         0.0000         0.0000         0.0000         0.0000
   7.88861E-31     0.0000         0.0000         0.0000         0.0000         0.0000         0.0000         0.0000         0.0000         0.0000         0.0000         0.0000         0.0000         0.0000         0.0000
   7.88861E-31     0.0000         0.0000         0.0000         0.0000         0.0000         0.0000         0.0000         0.0000         0.0000         0.0000         0.0000         0.0000         0.0000         0.0000
   7.88861E-31     0.0000         0.0000         0.0000         0.0000         0.0000         0.0000         0.0000         0.0000         0.0000         0.0000         0.0000         0.0000         0.0000         0.0000
   7.88861E-31     0.0000         0.0000         0.0000         0.0000         0.0000         0.0000         0.0000         0.0000         0.0000         0.0000         0.0000         0.0000         0.0000         0.0000
   7.88861E-31     0.0000         0.0000         0.0000         0.0000         0.0000         0.0000         0.0000         0.0000         0.0000         0.0000         0.0000         0.0000         0.0000         0.0000
   7.88861E-31     0.0000         0.0000         0.0000         0.0000         0.0000         0.0000         0.0000         0.0000         0.0000         0.0000         0.0000         0.0000         0.0000         0.0000
   7.88861E-31     0.0000         0.0000         0.0000         0.0000         0.0000         0.0000         0.0000         0.0000         0.0000         0.0000         0.0000         0.0000         0.0000         0.0000
   7.88861E-31     0.0000         0.0000         0.0000         0.0000         0.0000         0.0000         0.0000         0.0000         0.0000         0.0000         0.0000         0.0000         0.0000         0.0000
   7.88861E-31     0.0000         0.0000         0.0000         0.0000         0.0000         0.0000         0.0000         0.0000         0.0000         0.0000         0.0000         0.0000         0.0000         0.0000
   7.88861E-31     0.0000         0.0000         0.0000         0.0000         0.0000         0.0000         0.0000         0.0000         0.0000         0.0000         0.0000         0.0000         0.0000         0.0000
   7.88861E-31     0.0000         0.0000         0.0000         0.0000         0.0000         0.0000         0.0000         0.0000         0.0000         0.0000         0.0000         0.0000         0.0000         0.0000
   7.88861E-31     0.0000         0.0000         0.0000         0.0000         0.0000         0.0000         0.0000         0.0000         0.0000         0.0000         0.0000         0.0000         0.0000         0.0000
   7.88861E-31     0.0000         0.0000         0.0000         0.0000         0.0000         0.0000         0.0000         0.0000         0.0000         0.0000         0.0000         0.0000         0.0000         0.0000
   7.88861E-31     0.0000         0.0000         0.0000         0.0000         0.0000         0.0000         0.0000         0.0000         0.0000         0.0000         0.0000         0.0000         0.0000         0.0000
   7.88861E-31     0.0000         0.0000         0.0000         0.0000         0.0000         0.0000         0.0000         0.0000         0.0000         0.0000         0.0000         0.0000         0.0000         0.0000
   7.88861E-31     0.0000         0.0000         0.0000         0.0000         0.0000         0.0000         0.0000         0.0000         0.0000         0.0000         0.0000         0.0000         0.0000         0.0000
   7.88861E-31     0.0000         0.0000         0.0000         0.0000         0.0000         0.0000         0.0000         0.0000         0.0000         0.0000         0.0000         0.0000         0.0000         0.0000
   7.88861E-31     0.0000         0.0000         0.0000         0.0000         0.0000         0.0000         0.0000         0.0000         0.0000         0.0000         0.0000         0.0000         0.0000         0.0000
   7.88861E-31     0.0000         0.0000         0.0000         0.0000         0.0000         0.0000         0.0000         0.0000         0.0000         0.0000         0.0000         0.0000         0.0000         0.0000
   7.88861E-31     0.0000         0.0000         0.0000         0.0000         0.0000         0.0000         0.0000         0.0000         0.0000         0.0000         0.0000         0.0000         0.0000         0.0000
   7.88861E-31     0.0000         0.0000         0.0000         0.0000         0.0000         0.0000         0.0000         0.0000         0.0000         0.0000         0.0000         0.0000         0.0000         0.0000
   7.88861E-31     0.0000         0.0000         0.0000         0.0000         0.0000         0.0000         0.0000         0.0000         0.0000         0.0000         0.0000         0.0000         0.0000         0.0000
   7.88861E-31     0.0000         0.0000         0.0000         0.0000         0.0000         0.0000         0.0000         0.0000         0.0000         0.0000         0.0000         0.0000         0.0000         0.0000
   7.88861E-31     0.0000         0.0000         0.0000         0.0000         0.0000         0.0000         0.0000         0.0000         0.0000         0.0000         0.0000         0.0000         0.0000         0.0000
   7.88861E-31     0.0000         0.0000         0.0000         0.0000         0.0000         0.0000         0.0000         0.0000         0.0000         0.0000         0.0000         0.0000         0.0000         0.0000
   7.88861E-31     0.0000         0.0000         0.0000         0.0000         0.0000         0.0000         0.0000         0.0000         0.0000         0.0000         0.0000         0.0000         0.0000         0.0000
   7.88861E-31     0.0000         0.0000         0.0000         0.0000         0.0000         0.0000         0.0000         0.0000         0.0000         0.0000         0.0000         0.0000         0.0000         0.0000
   7.88861E-31     0.0000         0.0000         0.0000         0.0000         0.0000         0.0000         0.0000         0.0000         0.0000         0.0000         0.0000         0.0000         0.0000         0.0000
   7.88861E-31     0.0000         0.0000         0.0000         0.0000         0.0000         0.0000         0.0000         0.0000         0.0000         0.0000         0.0000         0.0000         0.0000         0.0000
   7.88861E-31     0.0000         0.0000         0.0000         0.0000         0.0000         0.0000         0.0000         0.0000         0.0000         0.0000         0.0000         0.0000         0.0000         0.0000
   7.88861E-31     0.0000         0.0000         0.0000         0.0000         0.0000         0.0000         0.0000         0.0000         0.0000         0.0000         0.0000         0.0000         0.0000         0.0000
   7.88861E-31     0.0000         0.0000         0.0000         0.0000         0.0000         0.0000         0.0000         0.0000         0.0000         0.0000         0.0000         0.0000         0.0000         0.0000
   7.88861E-31     0.0000         0.0000         0.0000         0.0000         0.0000         0.0000         0.0000         0.0000         0.0000         0.0000         0.0000         0.0000         0.0000         0.0000
   7.88861E-31     0.0000         0.0000         0.0000         0.0000         0.0000         0.0000         0.0000         0.0000         0.0000         0.0000         0.0000         0.0000         0.0000         0.0000
   7.88861E-31     0.0000         0.0000         0.0000         0.0000         0.0000         0.0000         0.0000         0.0000         0.0000         0.0000         0.0000         0.0000         0.0000         0.0000
   7.88861E-31     0.0000         0.0000         0.0000         0.0000         0.0000         0.0000         0.0000         0.0000         0.0000         0.0000         0.0000         0.0000         0.0000         0.0000
   7.88861E-31     0.0000         0.0000         0.0000         0.0000         0.0000         0.0000         0.0000         0.0000         0.0000         0.0000         0.0000         0.0000         0.0000         0.0000
   7.88861E-31     0.0000         0.0000         0.0000         0.0000         0.0000         0.0000         0.0000         0.0000         0.0000         0.0000         0.0000         0.0000         0.0000         0.0000
   7.88861E-31     0.0000         0.0000         0.0000         0.0000         0.0000         0.0000         0.0000         0.0000         0.0000         0.0000         0.0000         0.0000         0.0000         0.0000
   7.88861E-31     0.0000         0.0000         0.0000         0.0000         0.0000         0.0000         0.0000         0.0000         0.0000         0.0000         0.0000         0.0000         0.0000         0.0000
   7.88861E-31     0.0000         0.0000         0.0000         0.0000         0.0000         0.0000         0.0000         0.0000         0.0000         0.0000         0.0000         0.0000         0.0000         0.0000
   7.88861E-31     0.0000         0.0000         0.0000         0.0000         0.0000         0.0000         0.0000         0.0000         0.0000         0.0000         0.0000         0.0000         0.0000         0.0000
   7.88861E-31     0.0000         0.0000         0.0000         0.0000         0.0000         0.0000         0.0000         0.0000         0.0000         0.0000         0.0000         0.0000         0.0000         0.0000
   7.88861E-31     0.0000         0.0000         0.0000         0.0000         0.0000         0.0000         0.0000         0.0000         0.0000         0.0000         0.0000         0.0000         0.0000         0.0000
   7.88861E-31     0.0000         0.0000         0.0000         0.0000         0.0000         0.0000         0.0000         0.0000         0.0000         0.0000         0.0000         0.0000         0.0000         0.0000
   7.88861E-31     0.0000         0.0000         0.0000         0.0000         0.0000         0.0000         0.0000         0.0000         0.0000         0.0000         0.0000         0.0000         0.0000         0.0000
   7.88861E-31     0.0000         0.0000         0.0000         0.0000         0.0000         0.0000         0.0000         0.0000         0.0000         0.0000         0.0000         0.0000         0.0000         0.0000
   7.88861E-31     0.0000         0.0000         0.0000         0.0000         0.0000         0.0000         0.0000         0.0000         0.0000         0.0000         0.0000         0.0000         0.0000         0.0000
   7.88861E-31     0.0000         0.0000         0.0000         0.0000         0.0000         0.0000         0.0000         0.0000         0.0000         0.0000         0.0000         0.0000         0.0000         0.0000
   7.88861E-31     0.0000         0.0000         0.0000         0.0000         0.0000         0.0000         0.0000         0.0000         0.0000         0.0000         0.0000         0.0000         0.0000         0.0000
   7.88861E-31     0.0000         0.0000         0.0000         0.0000         0.0000         0.0000         0.0000         0.0000         0.0000         0.0000         0.0000         0.0000         0.0000         0.0000
   7.88861E-31     0.0000         0.0000         0.0000         0.0000         0.0000         0.0000         0.0000         0.0000         0.0000         0.0000         0.0000         0.0000         0.0000         0.0000
   7.88861E-31     0.0000         0.0000         0.0000         0.0000         0.0000         0.0000         0.0000         0.0000         0.0000         0.0000         0.0000         0.0000         0.0000         0.0000
   7.88861E-31     0.0000         0.0000         0.0000         0.0000         0.0000         0.0000         0.0000         0.0000         0.0000         0.0000         0.0000         0.0000         0.0000         0.0000
   7.88861E-31     0.0000         0.0000         0.0000         0.0000         0.0000         0.0000         0.0000         0.0000         0.0000         0.0000         0.0000         0.0000         0.0000         0.0000
   7.88861E-31     0.0000         0.0000         0.0000         0.0000         0.0000         0.0000         0.0000         0.0000         0.0000         0.0000         0.0000         0.0000         0.0000         0.0000
   7.88861E-31     0.0000         0.0000         0.0000         0.0000         0.0000         0.0000         0.0000         0.0000         0.0000         0.0000         0.0000         0.0000         0.0000         0.0000
   7.88861E-31     0.0000         0.0000         0.0000         0.0000         0.0000         0.0000         0.0000         0.0000         0.0000         0.0000         0.0000         0.0000         0.0000         0.0000
   7.88861E-31     0.0000         0.0000         0.0000         0.0000         0.0000         0.0000         0.0000         0.0000         0.0000         0.0000         0.0000         0.0000         0.0000         0.0000
   7.88861E-31     0.0000         0.0000         0.0000         0.0000         0.0000         0.0000         0.0000         0.0000         0.0000         0.0000         0.0000         0.0000         0.0000         0.0000
   7.88861E-31     0.0000         0.0000         0.0000         0.0000         0.0000         0.0000         0.0000         0.0000         0.0000         0.0000         0.0000         0.0000         0.0000         0.0000
   7.88861E-31     0.0000         0.0000         0.0000         0.0000         0.0000         0.0000         0.0000         0.0000         0.0000         0.0000         0.0000         0.0000         0.0000         0.0000
   7.88861E-31     0.0000         0.0000         0.0000         0.0000         0.0000         0.0000         0.0000         0.0000         0.0000         0.0000         0.0000         0.0000         0.0000         0.0000
   7.88861E-31     0.0000         0.0000         0.0000         0.0000         0.0000         0.0000         0.0000         0.0000         0.0000         0.0000         0.0000         0.0000         0.0000         0.0000
   7.88861E-31     0.0000         0.0000         0.0000         0.0000         0.0000         0.0000         0.0000         0.0000         0.0000         0.0000         0.0000         0.0000         0.0000         0.0000
   7.88861E-31     0.0000         0.0000         0.0000         0.0000         0.0000         0.0000         0.0000         0.0000         0.0000         0.0000         0.0000         0.0000         0.0000         0.0000
   7.88861E-31     0.0000         0.0000         0.0000         0.0000         0.0000         0.0000         0.0000         0.0000         0.0000         0.0000         0.0000         0.0000         0.0000         0.0000
   7.88861E-31     0.0000         0.0000         0.0000         0.0000         0.0000         0.0000         0.0000         0.0000         0.0000         0.0000         0.0000         0.0000         0.0000         0.0000
   7.88861E-31     0.0000         0.0000         0.0000         0.0000         0.0000         0.0000         0.0000         0.0000         0.0000         0.0000         0.0000         0.0000         0.0000         0.0000
   7.88861E-31     0.0000         0.0000         0.0000         0.0000         0.0000         0.0000         0.0000         0.0000         0.0000         0.0000         0.0000         0.0000         0.0000         0.0000
   7.88861E-31     0.0000         0.0000         0.0000         0.0000         0.0000         0.0000         0.0000         0.0000         0.0000         0.0000         0.0000         0.0000         0.0000         0.0000
   7.88861E-31     0.0000         0.0000         0.0000         0.0000         0.0000         0.0000         0.0000         0.0000         0.0000         0.0000         0.0000         0.0000         0.0000         0.0000
   7.88861E-31     0.0000         0.0000         0.0000         0.0000         0.0000         0.0000         0.0000         0.0000         0.0000         0.0000         0.0000         0.0000         0.0000         0.0000
   7.88861E-31     0.0000         0.0000         0.0000         0.0000         0.0000         0.0000         0.0000         0.0000         0.0000         0.0000         0.0000         0.0000         0.0000         0.0000
   7.88861E-31     0.0000         0.0000         0.0000         0.0000         0.0000         0.0000         0.0000         0.0000         0.0000         0.0000         0.0000         0.0000         0.0000         0.0000
   7.88861E-31     0.0000         0.0000         0.0000         0.0000         0.0000         0.0000         0.0000         0.0000         0.0000         0.0000         0.0000         0.0000         0.0000         0.0000
   7.88861E-31     0.0000         0.0000         0.0000         0.0000         0.0000         0.0000         0.0000         0.0000         0.0000         0.0000         0.0000         0.0000         0.0000         0.0000
   7.88861E-31     0.0000         0.0000         0.0000         0.0000         0.0000         0.0000         0.0000         0.0000         0.0000         0.0000         0.0000         0.0000         0.0000         0.0000
   7.88861E-31     0.0000         0.0000         0.0000         0.0000         0.0000         0.0000         0.0000         0.0000         0.0000         0.0000         0.0000         0.0000         0.0000         0.0000
   7.88861E-31     0.0000         0.0000         0.0000         0.0000         0.0000         0.0000         0.0000         0.0000         0.0000         0.0000         0.0000         0.0000         0.0000         0.0000
   7.88861E-31     0.0000         0.0000         0.0000         0.0000         0.0000         0.0000         0.0000         0.0000         0.0000         0.0000         0.0000         0.0000         0.0000         0.0000
   7.88861E-31     0.0000         0.0000         0.0000         0.0000         0.0000         0.0000         0.0000         0.0000         0.0000         0.0000         0.0000         0.0000         0.0000         0.0000
   7.88861E-31     0.0000         0.0000         0.0000         0.0000         0.0000         0.0000         0.0000         0.0000         0.0000         0.0000         0.0000         0.0000         0.0000         0.0000
   7.88861E-31     0.0000         0.0000         0.0000         0.0000         0.0000         0.0000         0.0000         0.0000         0.0000         0.0000         0.0000         0.0000         0.0000         0.0000
   7.88861E-31     0.0000         0.0000         0.0000         0.0000         0.0000         0.0000         0.0000         0.0000         0.0000         0.0000         0.0000         0.0000         0.0000         0.0000
   7.88861E-31     0.0000         0.0000         0.0000         0.0000         0.0000         0.0000         0.0000         0.0000         0.0000         0.0000         0.0000         0.0000         0.0000         0.0000
   7.88861E-31     0.0000         0.0000         0.0000         0.0000         0.0000         0.0000         0.0000         0.0000         0.0000         0.0000         0.0000         0.0000         0.0000         0.0000
   7.88861E-31     0.0000         0.0000         0.0000         0.0000         0.0000         0.0000         0.0000         0.0000         0.0000         0.0000         0.0000         0.0000         0.0000         0.0000
   7.88861E-31     0.0000         0.0000         0.0000         0.0000         0.0000         0.0000         0.0000         0.0000         0.0000         0.0000         0.0000         0.0000         0.0000         0.0000
   7.88861E-31     0.0000         0.0000         0.0000         0.0000         0.0000         0.0000         0.0000         0.0000         0.0000         0.0000         0.0000         0.0000         0.0000         0.0000
   7.88861E-31     0.0000         0.0000         0.0000         0.0000         0.0000         0.0000         0.0000         0.0000         0.0000         0.0000         0.0000         0.0000         0.0000         0.0000
   7.88861E-31     0.0000         0.0000         0.0000         0.0000         0.0000         0.0000         0.0000         0.0000         0.0000         0.0000         0.0000         0.0000         0.0000         0.0000
   7.88861E-31     0.0000         0.0000         0.0000         0.0000         0.0000         0.0000         0.0000         0.0000         0.0000         0.0000         0.0000         0.0000         0.0000         0.0000
   7.88861E-31     0.0000         0.0000         0.0000         0.0000         0.0000         0.0000         0.0000         0.0000         0.0000         0.0000         0.0000         0.0000         0.0000         0.0000
   7.88861E-31     0.0000         0.0000         0.0000         0.0000         0.0000         0.0000         0.0000         0.0000         0.0000         0.0000         0.0000         0.0000         0.0000         0.0000
   7.88861E-31     0.0000         0.0000         0.0000         0.0000         0.0000         0.0000         0.0000         0.0000         0.0000         0.0000         0.0000         0.0000         0.0000         0.0000
   7.88861E-31     0.0000         0.0000         0.0000         0.0000         0.0000         0.0000         0.0000         0.0000         0.0000         0.0000         0.0000         0.0000         0.0000         0.0000
   7.88861E-31     0.0000         0.0000         0.0000         0.0000         0.0000         0.0000         0.0000         0.0000         0.0000         0.0000         0.0000         0.0000         0.0000         0.0000
   7.88861E-31     0.0000         0.0000         0.0000         0.0000         0.0000         0.0000         0.0000         0.0000         0.0000         0.0000         0.0000         0.0000         0.0000         0.0000
   7.88861E-31     0.0000         0.0000         0.0000         0.0000         0.0000         0.0000         0.0000         0.0000         0.0000         0.0000         0.0000         0.0000         0.0000         0.0000
   7.88861E-31     0.0000         0.0000         0.0000         0.0000         0.0000         0.0000         0.0000         0.0000         0.0000         0.0000         0.0000         0.0000         0.0000         0.0000
   7.88861E-31     0.0000         0.0000         0.0000         0.0000         0.0000         0.0000         0.0000         0.0000         0.0000         0.0000         0.0000         0.0000         0.0000         0.0000
   7.88861E-31     0.0000         0.0000         0.0000         0.0000         0.0000         0.0000         0.0000         0.0000         0.0000         0.0000         0.0000         0.0000         0.0000         0.0000
   7.88861E-31     0.0000         0.0000         0.0000         0.0000         0.0000         0.0000         0.0000         0.0000         0.0000         0.0000         0.0000         0.0000         0.0000         0.0000
   7.88861E-31     0.0000         0.0000         0.0000         0.0000         0.0000         0.0000         0.0000         0.0000         0.0000         0.0000         0.0000         0.0000         0.0000         0.0000
   7.88861E-31     0.0000         0.0000         0.0000         0.0000         0.0000         0.0000         0.0000         0.0000         0.0000         0.0000         0.0000         0.0000         0.0000         0.0000
