0.2350E+03   0.0000E+00   0.5247E+00   0.5668E+00   0.6194E+00   0.6290E+00   0.6325E+00   0.6344E+00   0.6360E+00   0.6371E+00   0.6380E+00   0.6386E+00   0.6391E+00   0.6395E+00   0.6398E+00   0.6400E+00   0.6403E+00   0.6404E+00   0.6406E+00   0.6407E+00   0.6408E+00   0.6409E+00   0.6410E+00   0.6411E+00   0.6411E+00   0.6412E+00   0.6412E+00   0.6413E+00   0.6413E+00   0.6414E+00   0.6414E+00   0.6414E+00   0.6415E+00   0.6415E+00   0.6415E+00   0.6415E+00   0.6415E+00   0.6416E+00   0.6416E+00   0.6416E+00   0.6416E+00   0.6416E+00   0.6416E+00
0.2380E+03   0.3333E+00   0.4808E+00   0.5710E+00   0.6046E+00   0.6186E+00   0.6241E+00   0.6267E+00   0.6281E+00   0.6294E+00   0.6303E+00   0.6310E+00   0.6314E+00   0.6319E+00   0.6322E+00   0.6325E+00   0.6327E+00   0.6329E+00   0.6330E+00   0.6331E+00   0.6332E+00   0.6333E+00   0.6334E+00   0.6335E+00   0.6336E+00   0.6336E+00   0.6337E+00   0.6337E+00   0.6338E+00   0.6338E+00   0.6338E+00   0.6339E+00   0.6339E+00   0.6339E+00   0.6339E+00   0.6340E+00   0.6340E+00   0.6340E+00   0.6340E+00   0.6340E+00   0.6340E+00   0.6340E+00   0.6340E+00
0.2390E+03   0.6667E+00   0.4598E+00   0.5155E+00   0.5947E+00   0.6173E+00   0.6303E+00   0.6354E+00   0.6376E+00   0.6388E+00   0.6399E+00   0.6406E+00   0.6413E+00   0.6417E+00   0.6420E+00   0.6423E+00   0.6426E+00   0.6427E+00   0.6429E+00   0.6430E+00   0.6431E+00   0.6432E+00   0.6433E+00   0.6434E+00   0.6435E+00   0.6435E+00   0.6436E+00   0.6436E+00   0.6437E+00   0.6437E+00   0.6438E+00   0.6438E+00   0.6438E+00   0.6438E+00   0.6439E+00   0.6439E+00   0.6439E+00   0.6439E+00   0.6439E+00   0.6439E+00   0.6439E+00   0.6439E+00   0.6439E+00
0.2400E+03   0.1000E+01   0.2011E+00   0.4805E+00   0.5332E+00   0.6015E+00   0.6224E+00   0.6345E+00   0.6393E+00   0.6414E+00   0.6425E+00   0.6435E+00   0.6441E+00   0.6447E+00   0.6450E+00   0.6454E+00   0.6456E+00   0.6459E+00   0.6460E+00   0.6462E+00   0.6463E+00   0.6464E+00   0.6465E+00   0.6466E+00   0.6466E+00   0.6467E+00   0.6468E+00   0.6468E+00   0.6469E+00   0.6469E+00   0.6469E+00   0.6470E+00   0.6470E+00   0.6470E+00   0.6470E+00   0.6471E+00   0.6471E+00   0.6471E+00   0.6471E+00   0.6471E+00   0.6471E+00   0.6471E+00   0.6471E+00
0.2410E+03   0.1333E+01   0.1363E+00   0.2100E+00   0.4920E+00   0.5403E+00   0.6070E+00   0.6273E+00   0.6390E+00   0.6437E+00   0.6457E+00   0.6468E+00   0.6477E+00   0.6483E+00   0.6488E+00   0.6492E+00   0.6495E+00   0.6497E+00   0.6499E+00   0.6501E+00   0.6502E+00   0.6503E+00   0.6505E+00   0.6505E+00   0.6506E+00   0.6507E+00   0.6507E+00   0.6508E+00   0.6508E+00   0.6509E+00   0.6509E+00   0.6509E+00   0.6510E+00   0.6510E+00   0.6510E+00   0.6510E+00   0.6511E+00   0.6511E+00   0.6511E+00   0.6511E+00   0.6511E+00   0.6511E+00   0.6511E+00
0.2420E+03   0.1667E+01   0.1036E+00   0.1399E+00   0.2148E+00   0.4965E+00   0.5439E+00   0.6099E+00   0.6301E+00   0.6415E+00   0.6462E+00   0.6481E+00   0.6491E+00   0.6500E+00   0.6506E+00   0.6511E+00   0.6514E+00   0.6517E+00   0.6519E+00   0.6522E+00   0.6523E+00   0.6524E+00   0.6525E+00   0.6526E+00   0.6527E+00   0.6528E+00   0.6528E+00   0.6529E+00   0.6530E+00   0.6530E+00   0.6530E+00   0.6531E+00   0.6531E+00   0.6531E+00   0.6532E+00   0.6532E+00   0.6532E+00   0.6532E+00   0.6532E+00   0.6532E+00   0.6532E+00   0.6532E+00   0.6532E+00
0.2430E+03   0.2000E+01   0.6802E-01   0.1057E+00   0.1421E+00   0.2170E+00   0.4995E+00   0.5467E+00   0.6123E+00   0.6324E+00   0.6438E+00   0.6484E+00   0.6503E+00   0.6512E+00   0.6521E+00   0.6527E+00   0.6532E+00   0.6535E+00   0.6538E+00   0.6540E+00   0.6542E+00   0.6543E+00   0.6545E+00   0.6546E+00   0.6547E+00   0.6547E+00   0.6548E+00   0.6549E+00   0.6549E+00   0.6550E+00   0.6550E+00   0.6551E+00   0.6551E+00   0.6551E+00   0.6551E+00   0.6552E+00   0.6552E+00   0.6552E+00   0.6552E+00   0.6552E+00   0.6552E+00   0.6552E+00   0.6552E+00
0.2440E+03   0.2333E+01   0.5031E-01   0.6872E-01   0.1070E+00   0.1431E+00   0.2182E+00   0.5013E+00   0.5484E+00   0.6138E+00   0.6340E+00   0.6452E+00   0.6498E+00   0.6517E+00   0.6526E+00   0.6535E+00   0.6540E+00   0.6545E+00   0.6549E+00   0.6552E+00   0.6553E+00   0.6555E+00   0.6557E+00   0.6558E+00   0.6559E+00   0.6560E+00   0.6561E+00   0.6561E+00   0.6562E+00   0.6562E+00   0.6563E+00   0.6563E+00   0.6564E+00   0.6564E+00   0.6564E+00   0.6564E+00   0.6565E+00   0.6565E+00   0.6565E+00   0.6565E+00   0.6565E+00   0.6565E+00   0.6565E+00
0.2450E+03   0.2667E+01   0.3345E-01   0.5069E-01   0.6918E-01   0.1076E+00   0.1437E+00   0.2190E+00   0.5027E+00   0.5498E+00   0.6151E+00   0.6353E+00   0.6464E+00   0.6510E+00   0.6529E+00   0.6538E+00   0.6547E+00   0.6552E+00   0.6557E+00   0.6560E+00   0.6563E+00   0.6565E+00   0.6567E+00   0.6568E+00   0.6569E+00   0.6570E+00   0.6571E+00   0.6572E+00   0.6573E+00   0.6573E+00   0.6574E+00   0.6574E+00   0.6574E+00   0.6575E+00   0.6575E+00   0.6575E+00   0.6576E+00   0.6576E+00   0.6576E+00   0.6576E+00   0.6576E+00   0.6576E+00   0.6576E+00
0.2460E+03   0.3000E+01   0.2575E-01   0.3337E-01   0.5093E-01   0.6945E-01   0.1080E+00   0.1442E+00   0.2196E+00   0.5037E+00   0.5508E+00   0.6160E+00   0.6362E+00   0.6473E+00   0.6519E+00   0.6537E+00   0.6547E+00   0.6555E+00   0.6561E+00   0.6565E+00   0.6568E+00   0.6571E+00   0.6573E+00   0.6575E+00   0.6576E+00   0.6578E+00   0.6578E+00   0.6579E+00   0.6580E+00   0.6581E+00   0.6581E+00   0.6582E+00   0.6582E+00   0.6583E+00   0.6583E+00   0.6583E+00   0.6583E+00   0.6584E+00   0.6584E+00   0.6584E+00   0.6584E+00   0.6584E+00   0.6584E+00
0.2470E+03   0.3333E+01   0.1775E-01   0.2570E-01   0.3334E-01   0.5113E-01   0.6967E-01   0.1083E+00   0.1445E+00   0.2200E+00   0.5045E+00   0.5516E+00   0.6168E+00   0.6370E+00   0.6480E+00   0.6526E+00   0.6545E+00   0.6554E+00   0.6562E+00   0.6568E+00   0.6572E+00   0.6576E+00   0.6578E+00   0.6580E+00   0.6582E+00   0.6583E+00   0.6584E+00   0.6585E+00   0.6586E+00   0.6587E+00   0.6588E+00   0.6588E+00   0.6589E+00   0.6589E+00   0.6589E+00   0.6589E+00   0.6590E+00   0.6590E+00   0.6590E+00   0.6590E+00   0.6590E+00   0.6590E+00   0.6590E+00
0.2480E+03   0.3667E+01   0.1440E-01   0.1753E-01   0.2566E-01   0.3338E-01   0.5125E-01   0.6979E-01   0.1085E+00   0.1447E+00   0.2204E+00   0.5050E+00   0.5522E+00   0.6173E+00   0.6375E+00   0.6486E+00   0.6532E+00   0.6550E+00   0.6560E+00   0.6568E+00   0.6573E+00   0.6578E+00   0.6581E+00   0.6584E+00   0.6585E+00   0.6587E+00   0.6588E+00   0.6590E+00   0.6591E+00   0.6591E+00   0.6592E+00   0.6593E+00   0.6593E+00   0.6594E+00   0.6594E+00   0.6594E+00   0.6595E+00   0.6595E+00   0.6595E+00   0.6595E+00   0.6595E+00   0.6595E+00   0.6595E+00
0.2490E+03   0.4000E+01   0.1026E-01   0.1427E-01   0.1738E-01   0.2572E-01   0.3344E-01   0.5135E-01   0.6990E-01   0.1086E+00   0.1449E+00   0.2206E+00   0.5055E+00   0.5527E+00   0.6178E+00   0.6380E+00   0.6491E+00   0.6536E+00   0.6555E+00   0.6564E+00   0.6572E+00   0.6578E+00   0.6582E+00   0.6585E+00   0.6588E+00   0.6590E+00   0.6592E+00   0.6593E+00   0.6594E+00   0.6595E+00   0.6596E+00   0.6596E+00   0.6597E+00   0.6597E+00   0.6598E+00   0.6598E+00   0.6599E+00   0.6599E+00   0.6599E+00   0.6599E+00   0.6599E+00   0.6599E+00   0.6599E+00
0.2500E+03   0.4333E+01   0.8727E-02   0.1005E-01   0.1418E-01   0.1736E-01   0.2576E-01   0.3346E-01   0.5141E-01   0.6997E-01   0.1088E+00   0.1450E+00   0.2208E+00   0.5059E+00   0.5530E+00   0.6182E+00   0.6384E+00   0.6494E+00   0.6540E+00   0.6559E+00   0.6568E+00   0.6576E+00   0.6581E+00   0.6586E+00   0.6589E+00   0.6592E+00   0.6593E+00   0.6595E+00   0.6596E+00   0.6598E+00   0.6598E+00   0.6599E+00   0.6600E+00   0.6601E+00   0.6601E+00   0.6601E+00   0.6602E+00   0.6602E+00   0.6602E+00   0.6602E+00   0.6602E+00   0.6602E+00   0.6602E+00
0.2510E+03   0.4667E+01   0.6383E-02   0.8610E-02   0.9908E-02   0.1419E-01   0.1737E-01   0.2579E-01   0.3349E-01   0.5146E-01   0.7003E-01   0.1088E+00   0.1451E+00   0.2210E+00   0.5062E+00   0.5534E+00   0.6185E+00   0.6388E+00   0.6498E+00   0.6543E+00   0.6562E+00   0.6571E+00   0.6579E+00   0.6584E+00   0.6589E+00   0.6592E+00   0.6595E+00   0.6596E+00   0.6598E+00   0.6599E+00   0.6601E+00   0.6601E+00   0.6602E+00   0.6603E+00   0.6603E+00   0.6604E+00   0.6604E+00   0.6605E+00   0.6605E+00   0.6605E+00   0.6605E+00   0.6605E+00   0.6605E+00
0.2520E+03   0.5000E+01   0.5651E-02   0.6216E-02   0.8523E-02   0.9875E-02   0.1420E-01   0.1736E-01   0.2580E-01   0.3351E-01   0.5150E-01   0.7007E-01   0.1089E+00   0.1452E+00   0.2211E+00   0.5064E+00   0.5536E+00   0.6188E+00   0.6390E+00   0.6500E+00   0.6546E+00   0.6564E+00   0.6573E+00   0.6581E+00   0.6587E+00   0.6592E+00   0.6594E+00   0.6597E+00   0.6599E+00   0.6601E+00   0.6602E+00   0.6603E+00   0.6604E+00   0.6605E+00   0.6605E+00   0.6606E+00   0.6606E+00   0.6607E+00   0.6607E+00   0.6607E+00   0.6607E+00   0.6607E+00   0.6607E+00
0.2530E+03   0.5333E+01   0.4215E-02   0.5562E-02   0.6100E-02   0.8524E-02   0.9866E-02   0.1421E-01   0.1737E-01   0.2582E-01   0.3352E-01   0.5153E-01   0.7011E-01   0.1090E+00   0.1453E+00   0.2212E+00   0.5066E+00   0.5538E+00   0.6190E+00   0.6392E+00   0.6502E+00   0.6548E+00   0.6566E+00   0.6576E+00   0.6584E+00   0.6589E+00   0.6594E+00   0.6597E+00   0.6599E+00   0.6601E+00   0.6603E+00   0.6604E+00   0.6605E+00   0.6606E+00   0.6607E+00   0.6607E+00   0.6608E+00   0.6608E+00   0.6608E+00   0.6608E+00   0.6608E+00   0.6608E+00   0.6608E+00
0.2540E+03   0.5667E+01   0.3858E-02   0.4090E-02   0.5493E-02   0.6070E-02   0.8523E-02   0.9854E-02   0.1421E-01   0.1736E-01   0.2583E-01   0.3353E-01   0.5156E-01   0.7014E-01   0.1090E+00   0.1454E+00   0.2213E+00   0.5068E+00   0.5540E+00   0.6192E+00   0.6394E+00   0.6504E+00   0.6550E+00   0.6568E+00   0.6577E+00   0.6585E+00   0.6591E+00   0.6595E+00   0.6598E+00   0.6601E+00   0.6603E+00   0.6604E+00   0.6606E+00   0.6607E+00   0.6607E+00   0.6608E+00   0.6609E+00   0.6609E+00   0.6609E+00   0.6609E+00   0.6609E+00   0.6609E+00   0.6609E+00
0.2550E+03   0.6000E+01   0.2920E-02   0.3794E-02   0.4001E-02   0.5493E-02   0.6060E-02   0.8528E-02   0.9851E-02   0.1422E-01   0.1737E-01   0.2585E-01   0.3354E-01   0.5158E-01   0.7017E-01   0.1091E+00   0.1454E+00   0.2214E+00   0.5070E+00   0.5542E+00   0.6193E+00   0.6396E+00   0.6506E+00   0.6552E+00   0.6570E+00   0.6579E+00   0.6587E+00   0.6592E+00   0.6597E+00   0.6600E+00   0.6603E+00   0.6604E+00   0.6606E+00   0.6607E+00   0.6608E+00   0.6609E+00   0.6610E+00   0.6610E+00   0.6610E+00   0.6610E+00   0.6610E+00   0.6610E+00   0.6610E+00
0.2560E+03   0.6333E+01   0.2747E-02   0.2828E-02   0.3742E-02   0.3978E-02   0.5491E-02   0.6049E-02   0.8529E-02   0.9845E-02   0.1422E-01   0.1737E-01   0.2585E-01   0.3355E-01   0.5159E-01   0.7019E-01   0.1091E+00   0.1455E+00   0.2214E+00   0.5071E+00   0.5543E+00   0.6195E+00   0.6397E+00   0.6507E+00   0.6553E+00   0.6571E+00   0.6580E+00   0.6588E+00   0.6594E+00   0.6598E+00   0.6601E+00   0.6604E+00   0.6605E+00   0.6607E+00   0.6608E+00   0.6609E+00   0.6610E+00   0.6611E+00   0.6611E+00   0.6611E+00   0.6611E+00   0.6611E+00   0.6611E+00
0.2570E+03   0.6667E+01   0.2104E-02   0.2702E-02   0.2762E-02   0.3743E-02   0.3970E-02   0.5494E-02   0.6045E-02   0.8533E-02   0.9844E-02   0.1423E-01   0.1737E-01   0.2586E-01   0.3356E-01   0.5161E-01   0.7021E-01   0.1091E+00   0.1455E+00   0.2215E+00   0.5072E+00   0.5544E+00   0.6196E+00   0.6399E+00   0.6508E+00   0.6554E+00   0.6572E+00   0.6581E+00   0.6589E+00   0.6595E+00   0.6599E+00   0.6602E+00   0.6605E+00   0.6607E+00   0.6608E+00   0.6609E+00   0.6610E+00   0.6611E+00   0.6611E+00   0.6611E+00   0.6611E+00   0.6611E+00   0.6611E+00
0.2580E+03   0.7000E+01   0.2023E-02   0.2037E-02   0.2665E-02   0.2745E-02   0.3743E-02   0.3961E-02   0.5495E-02   0.6040E-02   0.8534E-02   0.9842E-02   0.1423E-01   0.1737E-01   0.2587E-01   0.3357E-01   0.5162E-01   0.7023E-01   0.1091E+00   0.1455E+00   0.2215E+00   0.5073E+00   0.5545E+00   0.6197E+00   0.6400E+00   0.6509E+00   0.6555E+00   0.6573E+00   0.6582E+00   0.6590E+00   0.6596E+00   0.6600E+00   0.6603E+00   0.6606E+00   0.6607E+00   0.6609E+00   0.6610E+00   0.6611E+00   0.6611E+00   0.6611E+00   0.6611E+00   0.6611E+00   0.6611E+00
0.2590E+03   0.7333E+01   0.1565E-02   0.1992E-02   0.1988E-02   0.2667E-02   0.2740E-02   0.3747E-02   0.3958E-02   0.5498E-02   0.6038E-02   0.8536E-02   0.9841E-02   0.1423E-01   0.1737E-01   0.2587E-01   0.3357E-01   0.5163E-01   0.7024E-01   0.1092E+00   0.1456E+00   0.2216E+00   0.5074E+00   0.5546E+00   0.6197E+00   0.6400E+00   0.6510E+00   0.6556E+00   0.6574E+00   0.6583E+00   0.6591E+00   0.6596E+00   0.6601E+00   0.6604E+00   0.6606E+00   0.6608E+00   0.6610E+00   0.6611E+00   0.6611E+00   0.6611E+00   0.6611E+00   0.6611E+00   0.6611E+00
0.2600E+03   0.7667E+01   0.1531E-02   0.1516E-02   0.1966E-02   0.1976E-02   0.2668E-02   0.2734E-02   0.3748E-02   0.3955E-02   0.5499E-02   0.6036E-02   0.8537E-02   0.9840E-02   0.1423E-01   0.1737E-01   0.2587E-01   0.3358E-01   0.5164E-01   0.7025E-01   0.1092E+00   0.1456E+00   0.2216E+00   0.5074E+00   0.5547E+00   0.6198E+00   0.6401E+00   0.6511E+00   0.6556E+00   0.6575E+00   0.6584E+00   0.6592E+00   0.6597E+00   0.6602E+00   0.6604E+00   0.6607E+00   0.6609E+00   0.6610E+00   0.6610E+00   0.6610E+00   0.6610E+00   0.6610E+00   0.6610E+00
0.2610E+03   0.8000E+01   0.1195E-02   0.1511E-02   0.1480E-02   0.1970E-02   0.1974E-02   0.2673E-02   0.2733E-02   0.3751E-02   0.3954E-02   0.5501E-02   0.6035E-02   0.8539E-02   0.9840E-02   0.1423E-01   0.1737E-01   0.2588E-01   0.3358E-01   0.5164E-01   0.7026E-01   0.1092E+00   0.1456E+00   0.2216E+00   0.5075E+00   0.5547E+00   0.6199E+00   0.6402E+00   0.6511E+00   0.6557E+00   0.6575E+00   0.6584E+00   0.6592E+00   0.6598E+00   0.6602E+00   0.6605E+00   0.6608E+00   0.6609E+00   0.6609E+00   0.6609E+00   0.6609E+00   0.6609E+00   0.6609E+00
0.2620E+03   0.8333E+01   0.1185E-02   0.1160E-02   0.1492E-02   0.1473E-02   0.1972E-02   0.1970E-02   0.2675E-02   0.2731E-02   0.3752E-02   0.3952E-02   0.5501E-02   0.6033E-02   0.8538E-02   0.9838E-02   0.1423E-01   0.1737E-01   0.2588E-01   0.3358E-01   0.5165E-01   0.7027E-01   0.1092E+00   0.1456E+00   0.2216E+00   0.5075E+00   0.5548E+00   0.6199E+00   0.6402E+00   0.6512E+00   0.6558E+00   0.6576E+00   0.6585E+00   0.6593E+00   0.6598E+00   0.6603E+00   0.6605E+00   0.6608E+00   0.6608E+00   0.6608E+00   0.6608E+00   0.6608E+00   0.6608E+00
0.2630E+03   0.8667E+01   0.9335E-03   0.1172E-02   0.1133E-02   0.1497E-02   0.1472E-02   0.1977E-02   0.1970E-02   0.2678E-02   0.2730E-02   0.3754E-02   0.3951E-02   0.5502E-02   0.6032E-02   0.8538E-02   0.9837E-02   0.1423E-01   0.1737E-01   0.2588E-01   0.3358E-01   0.5165E-01   0.7027E-01   0.1092E+00   0.1456E+00   0.2217E+00   0.5076E+00   0.5548E+00   0.6200E+00   0.6403E+00   0.6512E+00   0.6558E+00   0.6576E+00   0.6585E+00   0.6593E+00   0.6598E+00   0.6603E+00   0.6606E+00   0.6606E+00   0.6606E+00   0.6606E+00   0.6606E+00   0.6606E+00
0.2640E+03   0.9000E+01   0.9348E-03   0.9078E-03   0.1159E-02   0.1129E-02   0.1500E-02   0.1470E-02   0.1979E-02   0.1969E-02   0.2679E-02   0.2729E-02   0.3754E-02   0.3949E-02   0.5501E-02   0.6030E-02   0.8537E-02   0.9836E-02   0.1423E-01   0.1737E-01   0.2588E-01   0.3358E-01   0.5165E-01   0.7028E-01   0.1092E+00   0.1456E+00   0.2217E+00   0.5076E+00   0.5549E+00   0.6200E+00   0.6403E+00   0.6513E+00   0.6558E+00   0.6576E+00   0.6586E+00   0.6593E+00   0.6599E+00   0.6603E+00   0.6603E+00   0.6603E+00   0.6603E+00   0.6603E+00   0.6603E+00
0.2650E+03   0.9333E+01   0.7425E-03   0.9260E-03   0.8881E-03   0.1164E-02   0.1130E-02   0.1504E-02   0.1471E-02   0.1982E-02   0.1969E-02   0.2680E-02   0.2728E-02   0.3754E-02   0.3948E-02   0.5501E-02   0.6029E-02   0.8536E-02   0.9834E-02   0.1423E-01   0.1737E-01   0.2588E-01   0.3358E-01   0.5165E-01   0.7028E-01   0.1092E+00   0.1456E+00   0.2217E+00   0.5076E+00   0.5549E+00   0.6200E+00   0.6403E+00   0.6513E+00   0.6559E+00   0.6577E+00   0.6586E+00   0.6594E+00   0.6599E+00   0.6599E+00   0.6599E+00   0.6599E+00   0.6599E+00   0.6599E+00
0.2660E+03   0.9667E+01   0.7487E-03   0.7239E-03   0.9170E-03   0.8861E-03   0.1167E-02   0.1129E-02   0.1507E-02   0.1470E-02   0.1983E-02   0.1968E-02   0.2680E-02   0.2727E-02   0.3753E-02   0.3946E-02   0.5499E-02   0.6027E-02   0.8534E-02   0.9832E-02   0.1423E-01   0.1737E-01   0.2587E-01   0.3358E-01   0.5165E-01   0.7028E-01   0.1092E+00   0.1457E+00   0.2217E+00   0.5077E+00   0.5549E+00   0.6201E+00   0.6403E+00   0.6513E+00   0.6559E+00   0.6577E+00   0.6586E+00   0.6594E+00   0.6594E+00   0.6594E+00   0.6594E+00   0.6594E+00   0.6594E+00
0.2670E+03   0.1000E+02   0.5999E-03   0.7432E-03   0.7094E-03   0.9223E-03   0.8874E-03   0.1172E-02   0.1130E-02   0.1509E-02   0.1471E-02   0.1984E-02   0.1968E-02   0.2680E-02   0.2726E-02   0.3752E-02   0.3945E-02   0.5497E-02   0.6025E-02   0.8531E-02   0.9830E-02   0.1423E-01   0.1737E-01   0.2587E-01   0.3358E-01   0.5165E-01   0.7029E-01   0.1092E+00   0.1457E+00   0.2217E+00   0.5077E+00   0.5549E+00   0.6201E+00   0.6404E+00   0.6513E+00   0.6559E+00   0.6577E+00   0.6586E+00   0.6586E+00   0.6586E+00   0.6586E+00   0.6586E+00   0.6586E+00
0.2680E+03   0.1033E+02   0.6075E-03   0.5864E-03   0.7369E-03   0.7088E-03   0.9257E-03   0.8876E-03   0.1174E-02   0.1130E-02   0.1510E-02   0.1470E-02   0.1984E-02   0.1966E-02   0.2679E-02   0.2724E-02   0.3750E-02   0.3943E-02   0.5494E-02   0.6022E-02   0.8527E-02   0.9827E-02   0.1422E-01   0.1736E-01   0.2587E-01   0.3358E-01   0.5165E-01   0.7029E-01   0.1092E+00   0.1457E+00   0.2217E+00   0.5077E+00   0.5549E+00   0.6201E+00   0.6404E+00   0.6513E+00   0.6559E+00   0.6577E+00   0.6577E+00   0.6577E+00   0.6577E+00   0.6577E+00   0.6577E+00
0.2690E+03   0.1067E+02   0.4911E-03   0.6041E-03   0.5756E-03   0.7419E-03   0.7105E-03   0.9294E-03   0.8889E-03   0.1176E-02   0.1131E-02   0.1511E-02   0.1470E-02   0.1983E-02   0.1965E-02   0.2677E-02   0.2722E-02   0.3747E-02   0.3940E-02   0.5490E-02   0.6020E-02   0.8523E-02   0.9824E-02   0.1422E-01   0.1736E-01   0.2586E-01   0.3358E-01   0.5164E-01   0.7029E-01   0.1092E+00   0.1457E+00   0.2217E+00   0.5077E+00   0.5550E+00   0.6201E+00   0.6404E+00   0.6514E+00   0.6560E+00   0.6560E+00   0.6560E+00   0.6560E+00   0.6560E+00   0.6560E+00
0.2700E+03   0.1100E+02   0.4982E-03   0.4812E-03   0.5996E-03   0.5759E-03   0.7450E-03   0.7111E-03   0.9313E-03   0.8890E-03   0.1177E-02   0.1130E-02   0.1510E-02   0.1469E-02   0.1982E-02   0.1963E-02   0.2675E-02   0.2720E-02   0.3744E-02   0.3938E-02   0.5486E-02   0.6017E-02   0.8518E-02   0.9821E-02   0.1421E-01   0.1736E-01   0.2586E-01   0.3358E-01   0.5164E-01   0.7029E-01   0.1092E+00   0.1457E+00   0.2217E+00   0.5077E+00   0.5550E+00   0.6201E+00   0.6404E+00   0.6514E+00   0.6514E+00   0.6514E+00   0.6514E+00   0.6514E+00   0.6514E+00
0.2710E+03   0.1133E+02   0.4065E-03   0.4961E-03   0.4731E-03   0.6040E-03   0.5777E-03   0.7482E-03   0.7123E-03   0.9330E-03   0.8893E-03   0.1177E-02   0.1130E-02   0.1509E-02   0.1467E-02   0.1980E-02   0.1962E-02   0.2672E-02   0.2718E-02   0.3740E-02   0.3935E-02   0.5481E-02   0.6013E-02   0.8512E-02   0.9818E-02   0.1421E-01   0.1735E-01   0.2585E-01   0.3357E-01   0.5163E-01   0.7028E-01   0.1092E+00   0.1457E+00   0.2217E+00   0.5077E+00   0.5550E+00   0.6202E+00   0.6407E+00   0.6407E+00   0.6407E+00   0.6407E+00   0.6407E+00   0.6407E+00
0.2720E+03   0.1167E+02   0.4123E-03   0.3992E-03   0.4928E-03   0.4738E-03   0.6068E-03   0.5785E-03   0.7496E-03   0.7125E-03   0.9331E-03   0.8887E-03   0.1176E-02   0.1128E-02   0.1507E-02   0.1465E-02   0.1977E-02   0.1959E-02   0.2668E-02   0.2715E-02   0.3735E-02   0.3931E-02   0.5476E-02   0.6010E-02   0.8506E-02   0.9814E-02   0.1420E-01   0.1735E-01   0.2585E-01   0.3357E-01   0.5163E-01   0.7028E-01   0.1092E+00   0.1456E+00   0.2217E+00   0.5077E+00   0.5551E+00   0.6202E+00   0.6202E+00   0.6202E+00   0.6202E+00   0.6202E+00   0.6202E+00
0.2730E+03   0.1200E+02   0.3396E-03   0.4109E-03   0.3930E-03   0.4965E-03   0.4756E-03   0.6092E-03   0.5795E-03   0.7506E-03   0.7126E-03   0.9328E-03   0.8881E-03   0.1174E-02   0.1127E-02   0.1505E-02   0.1464E-02   0.1973E-02   0.1957E-02   0.2663E-02   0.2712E-02   0.3730E-02   0.3928E-02   0.5470E-02   0.6006E-02   0.8500E-02   0.9810E-02   0.1419E-01   0.1735E-01   0.2584E-01   0.3356E-01   0.5163E-01   0.7026E-01   0.1093E+00   0.1456E+00   0.2218E+00   0.5078E+00   0.5559E+00   0.5559E+00   0.5559E+00   0.5559E+00   0.5559E+00   0.5559E+00
0.2740E+03   0.1233E+02   0.3437E-03   0.3342E-03   0.4082E-03   0.3940E-03   0.4986E-03   0.4764E-03   0.6100E-03   0.5796E-03   0.7500E-03   0.7121E-03   0.9310E-03   0.8870E-03   0.1171E-02   0.1125E-02   0.1501E-02   0.1462E-02   0.1968E-02   0.1954E-02   0.2658E-02   0.2709E-02   0.3723E-02   0.3925E-02   0.5463E-02   0.6003E-02   0.8494E-02   0.9807E-02   0.1419E-01   0.1734E-01   0.2584E-01   0.3356E-01   0.5165E-01   0.7025E-01   0.1093E+00   0.1455E+00   0.2221E+00   0.5078E+00   0.5078E+00   0.5078E+00   0.5078E+00   0.5078E+00   0.5078E+00
0.2370E+03   0.1267E+02   0.2861E-03   0.3425E-03   0.3295E-03   0.4109E-03   0.3958E-03   0.5000E-03   0.4775E-03   0.6098E-03   0.5800E-03   0.7485E-03   0.7118E-03   0.9282E-03   0.8862E-03   0.1167E-02   0.1124E-02   0.1496E-02   0.1460E-02   0.1962E-02   0.1953E-02   0.2650E-02   0.2709E-02   0.3715E-02   0.3925E-02   0.5454E-02   0.6005E-02   0.8485E-02   0.9811E-02   0.1419E-01   0.1735E-01   0.2586E-01   0.3359E-01   0.5174E-01   0.7035E-01   0.1097E+00   0.1457E+00   0.2248E+00   0.2248E+00   0.2248E+00   0.2248E+00   0.2248E+00   0.2248E+00
0.1184E+04   0.1293E+02   0.2924E-03   0.2882E-03   0.3448E-03   0.3383E-03   0.4182E-03   0.4063E-03   0.5075E-03   0.4900E-03   0.6181E-03   0.5954E-03   0.7586E-03   0.7317E-03   0.9413E-03   0.9127E-03   0.1186E-02   0.1161E-02   0.1523E-02   0.1512E-02   0.2003E-02   0.2030E-02   0.2717E-02   0.2827E-02   0.3827E-02   0.4118E-02   0.5652E-02   0.6338E-02   0.8858E-02   0.1043E-01   0.1494E-01   0.1862E-01   0.2751E-01   0.3636E-01   0.5551E-01   0.7649E-01   0.1175E+00   0.1575E+00   0.1575E+00   0.1575E+00   0.1575E+00   0.1575E+00   0.1575E+00
0.1185E+04   0.1323E+02   0.2505E-03   0.2932E-03   0.2879E-03   0.3492E-03   0.3441E-03   0.4219E-03   0.4126E-03   0.5105E-03   0.4972E-03   0.6209E-03   0.6040E-03   0.7616E-03   0.7426E-03   0.9454E-03   0.9274E-03   0.1192E-02   0.1181E-02   0.1533E-02   0.1542E-02   0.2020E-02   0.2074E-02   0.2746E-02   0.2896E-02   0.3879E-02   0.4230E-02   0.5750E-02   0.6533E-02   0.9049E-02   0.1080E-01   0.1534E-01   0.1935E-01   0.2840E-01   0.3798E-01   0.5757E-01   0.8005E-01   0.1218E+00   0.1218E+00   0.1218E+00   0.1218E+00   0.1218E+00   0.1218E+00
0.1186E+04   0.1356E+02   0.2479E-03   0.2476E-03   0.2902E-03   0.2892E-03   0.3495E-03   0.3451E-03   0.4208E-03   0.4131E-03   0.5080E-03   0.4972E-03   0.6171E-03   0.6038E-03   0.7565E-03   0.7425E-03   0.9389E-03   0.9275E-03   0.1184E-02   0.1182E-02   0.1523E-02   0.1544E-02   0.2009E-02   0.2078E-02   0.2732E-02   0.2902E-02   0.3861E-02   0.4241E-02   0.5726E-02   0.6550E-02   0.9017E-02   0.1082E-01   0.1529E-01   0.1940E-01   0.2833E-01   0.3806E-01   0.5748E-01   0.8056E-01   0.8056E-01   0.8056E-01   0.8056E-01   0.8056E-01   0.8056E-01
0.1187E+04   0.1393E+02   0.2115E-03   0.2441E-03   0.2416E-03   0.2885E-03   0.2869E-03   0.3458E-03   0.3413E-03   0.4149E-03   0.4075E-03   0.4998E-03   0.4897E-03   0.6062E-03   0.5942E-03   0.7424E-03   0.7302E-03   0.9209E-03   0.9117E-03   0.1161E-02   0.1161E-02   0.1492E-02   0.1515E-02   0.1965E-02   0.2037E-02   0.2669E-02   0.2839E-02   0.3764E-02   0.4138E-02   0.5567E-02   0.6369E-02   0.8733E-02   0.1048E-01   0.1474E-01   0.1868E-01   0.2716E-01   0.3646E-01   0.5498E-01   0.5498E-01   0.5498E-01   0.5498E-01   0.5498E-01   0.5498E-01
0.1188E+04   0.1435E+02   0.2039E-03   0.2040E-03   0.2365E-03   0.2363E-03   0.2825E-03   0.2797E-03   0.3372E-03   0.3316E-03   0.4034E-03   0.3950E-03   0.4849E-03   0.4739E-03   0.5873E-03   0.5743E-03   0.7184E-03   0.7049E-03   0.8900E-03   0.8789E-03   0.1120E-02   0.1117E-02   0.1437E-02   0.1454E-02   0.1888E-02   0.1949E-02   0.2554E-02   0.2705E-02   0.3585E-02   0.3920E-02   0.5268E-02   0.5989E-02   0.8195E-02   0.9759E-02   0.1369E-01   0.1720E-01   0.2493E-01   0.3333E-01   0.3333E-01   0.3333E-01   0.3333E-01   0.3333E-01   0.3333E-01
0.1189E+04   0.1482E+02   0.1712E-03   0.1961E-03   0.1934E-03   0.2293E-03   0.2273E-03   0.2724E-03   0.2676E-03   0.3238E-03   0.3162E-03   0.3862E-03   0.3756E-03   0.4633E-03   0.4498E-03   0.5603E-03   0.5442E-03   0.6844E-03   0.6667E-03   0.8464E-03   0.8294E-03   0.1063E-02   0.1051E-02   0.1359E-02   0.1363E-02   0.1777E-02   0.1817E-02   0.2391E-02   0.2505E-02   0.3330E-02   0.3597E-02   0.4843E-02   0.5432E-02   0.7437E-02   0.8723E-02   0.1222E-01   0.1510E-01   0.2187E-01   0.2187E-01   0.2187E-01   0.2187E-01   0.2187E-01   0.2187E-01
0.1190E+04   0.1535E+02   0.1614E-03   0.1600E-03   0.1846E-03   0.1827E-03   0.2180E-03   0.2135E-03   0.2576E-03   0.2502E-03   0.3051E-03   0.2946E-03   0.3630E-03   0.3491E-03   0.4348E-03   0.4173E-03   0.5251E-03   0.5039E-03   0.6404E-03   0.6160E-03   0.7904E-03   0.7642E-03   0.9894E-03   0.9648E-03   0.1260E-02   0.1244E-02   0.1639E-02   0.1647E-02   0.2187E-02   0.2249E-02   0.3014E-02   0.3191E-02   0.4324E-02   0.4744E-02   0.6524E-02   0.7468E-02   0.1049E-01   0.1269E-01   0.1269E-01   0.1269E-01   0.1269E-01   0.1269E-01   0.1269E-01
0.1191E+04   0.1594E+02   0.1319E-03   0.1504E-03   0.1457E-03   0.1730E-03   0.1683E-03   0.2027E-03   0.1952E-03   0.2382E-03   0.2276E-03   0.2812E-03   0.2670E-03   0.3340E-03   0.3158E-03   0.3996E-03   0.3768E-03   0.4822E-03   0.4542E-03   0.5875E-03   0.5540E-03   0.7236E-03   0.6851E-03   0.9030E-03   0.8612E-03   0.1145E-02   0.1104E-02   0.1478E-02   0.1448E-02   0.1955E-02   0.1955E-02   0.2660E-02   0.2732E-02   0.3752E-02   0.3983E-02   0.5541E-02   0.6119E-02   0.8670E-02   0.8670E-02   0.8670E-02   0.8670E-02   0.8670E-02   0.8670E-02
0.1192E+04   0.1660E+02   0.1222E-03   0.1180E-03   0.1359E-03   0.1307E-03   0.1573E-03   0.1494E-03   0.1830E-03   0.1720E-03   0.2141E-03   0.1995E-03   0.2522E-03   0.2334E-03   0.2993E-03   0.2757E-03   0.3582E-03   0.3287E-03   0.4324E-03   0.3959E-03   0.5268E-03   0.4823E-03   0.6482E-03   0.5950E-03   0.8069E-03   0.7446E-03   0.1018E-02   0.9480E-03   0.1306E-02   0.1232E-02   0.1709E-02   0.1641E-02   0.2293E-02   0.2254E-02   0.3175E-02   0.3212E-02   0.4578E-02   0.4833E-02   0.4833E-02   0.4833E-02   0.4833E-02   0.4833E-02   0.4833E-02
0.1193E+04   0.1735E+02   0.9624E-04   0.1090E-03   0.1009E-03   0.1208E-03   0.1122E-03   0.1379E-03   0.1263E-03   0.1590E-03   0.1440E-03   0.1852E-03   0.1661E-03   0.2181E-03   0.1940E-03   0.2593E-03   0.2292E-03   0.3111E-03   0.2738E-03   0.3767E-03   0.3304E-03   0.4600E-03   0.4029E-03   0.5668E-03   0.4967E-03   0.7051E-03   0.6200E-03   0.8869E-03   0.7848E-03   0.1131E-02   0.1010E-02   0.1465E-02   0.1328E-02   0.1939E-02   0.1789E-02   0.2634E-02   0.2486E-02   0.3693E-02   0.3693E-02   0.3693E-02   0.3693E-02   0.3693E-02   0.3693E-02
0.1194E+04   0.1818E+02   0.8872E-04   0.8056E-04   0.9217E-04   0.8255E-04   0.1016E-03   0.8910E-04   0.1140E-03   0.9819E-04   0.1302E-03   0.1105E-03   0.1512E-03   0.1269E-03   0.1785E-03   0.1484E-03   0.2136E-03   0.1763E-03   0.2585E-03   0.2122E-03   0.3156E-03   0.2583E-03   0.3884E-03   0.3172E-03   0.4815E-03   0.3931E-03   0.6012E-03   0.4916E-03   0.7568E-03   0.6210E-03   0.9620E-03   0.7940E-03   0.1238E-02   0.1030E-02   0.1619E-02   0.1361E-02   0.2163E-02   0.1866E-02   0.1866E-02   0.1866E-02   0.1866E-02   0.1866E-02   0.1866E-02
0.1195E+04   0.1912E+02   0.6771E-04   0.7426E-04   0.6115E-04   0.7393E-04   0.6012E-04   0.7801E-04   0.6105E-04   0.8498E-04   0.6435E-04   0.9571E-04   0.7069E-04   0.1112E-03   0.8081E-04   0.1327E-03   0.9560E-04   0.1616E-03   0.1161E-03   0.1996E-03   0.1435E-03   0.2489E-03   0.1794E-03   0.3123E-03   0.2258E-03   0.3935E-03   0.2855E-03   0.4976E-03   0.3622E-03   0.6318E-03   0.4612E-03   0.8063E-03   0.5899E-03   0.1037E-02   0.7591E-03   0.1349E-02   0.9856E-03   0.1767E-02   0.1767E-02   0.1767E-02   0.1767E-02   0.1767E-02   0.1767E-02
0.1196E+04   0.2017E+02   0.6559E-04   0.5127E-04   0.5530E-04   0.3940E-04   0.5056E-04   0.3173E-04   0.4816E-04   0.2589E-04   0.4872E-04   0.2238E-04   0.5312E-04   0.2184E-04   0.6235E-04   0.2494E-04   0.7754E-04   0.3243E-04   0.9999E-04   0.4514E-04   0.1313E-03   0.6407E-04   0.1733E-03   0.9038E-04   0.2286E-03   0.1255E-03   0.3003E-03   0.1713E-03   0.3926E-03   0.2300E-03   0.5114E-03   0.3046E-03   0.6647E-03   0.3988E-03   0.8652E-03   0.5166E-03   0.1132E-02   0.6850E-03   0.6850E-03   0.6850E-03   0.6850E-03   0.6850E-03   0.6850E-03
0.1197E+04   0.2135E+02   0.5366E-04   0.5119E-04   0.2917E-04   0.3290E-04   0.1087E-04   0.1942E-04   -.5825E-05   0.8370E-05   -.2063E-04   0.5018E-06   -.3301E-04   -.3301E-05   -.4236E-04   -.2057E-05   -.4806E-04   0.5337E-05   -.4943E-04   0.2016E-04   -.4575E-04   0.4392E-04   -.3621E-04   0.7848E-04   -.1987E-04   0.1261E-03   0.4318E-05   0.1898E-03   0.3759E-04   0.2735E-03   0.8130E-04   0.3823E-03   0.1369E-03   0.5238E-03   0.2052E-03   0.7096E-03   0.2868E-03   0.9407E-03   0.9407E-03   0.9407E-03   0.9407E-03   0.9407E-03   0.9407E-03
0.1183E+04   0.2267E+02   0.6544E-04   0.3841E-04   0.2857E-04   0.7860E-06   -.3448E-06   -.3104E-04   -.2708E-04   -.6130E-04   -.5121E-04   -.8961E-04   -.7194E-04   -.1154E-03   -.8840E-04   -.1382E-03   -.9962E-04   -.1574E-03   -.1045E-03   -.1724E-03   -.1019E-03   -.1826E-03   -.9013E-04   -.1873E-03   -.6747E-04   -.1858E-03   -.3157E-04   -.1771E-03   0.2057E-04   -.1605E-03   0.9297E-04   -.1351E-03   0.1912E-03   -.1001E-03   0.3236E-03   -.5629E-04   0.5030E-03   0.1545E-04   0.1545E-04   0.1545E-04   0.1545E-04   0.1545E-04   0.1545E-04
