0.2350E+03   0.0000E+00   -.1885E+00   -.4241E+00   -.2974E+00   -.1814E+00   -.5870E+00   -.6062E+00   -.7356E+00   -.7215E+00   -.7962E+00   -.7835E+00   -.8327E+00   -.8208E+00   -.8553E+00   -.8450E+00   -.8702E+00   -.8617E+00   -.8807E+00   -.8738E+00   -.8884E+00   -.8829E+00   -.8942E+00   -.8899E+00   -.8988E+00   -.8954E+00   -.9025E+00   -.8998E+00   -.9054E+00   -.9034E+00   -.9079E+00   -.9064E+00   -.9100E+00   -.9088E+00   -.9118E+00   -.9109E+00   -.9132E+00   -.9126E+00   -.9126E+00   -.9126E+00   -.9126E+00   -.9126E+00   -.9126E+00
0.2380E+03   0.3333E+00   -.4731E+00   -.2408E+00   -.4113E+00   -.7585E+00   -.6407E+00   -.8977E+00   -.9025E+00   -.1004E+01   -.9908E+00   -.1053E+01   -.1040E+01   -.1082E+01   -.1071E+01   -.1101E+01   -.1092E+01   -.1114E+01   -.1106E+01   -.1123E+01   -.1117E+01   -.1129E+01   -.1125E+01   -.1135E+01   -.1131E+01   -.1139E+01   -.1136E+01   -.1142E+01   -.1140E+01   -.1145E+01   -.1143E+01   -.1147E+01   -.1146E+01   -.1149E+01   -.1148E+01   -.1151E+01   -.1150E+01   -.1152E+01   -.1152E+01   -.1152E+01   -.1152E+01   -.1152E+01   -.1152E+01
0.2390E+03   0.6667E+00   -.3644E+00   -.4635E+00   -.2649E+00   -.4065E+00   -.5284E+00   -.4656E+00   -.6877E+00   -.6959E+00   -.7834E+00   -.7715E+00   -.8254E+00   -.8143E+00   -.8513E+00   -.8413E+00   -.8679E+00   -.8594E+00   -.8792E+00   -.8723E+00   -.8874E+00   -.8818E+00   -.8935E+00   -.8891E+00   -.8983E+00   -.8948E+00   -.9021E+00   -.8994E+00   -.9052E+00   -.9031E+00   -.9077E+00   -.9061E+00   -.9098E+00   -.9086E+00   -.9116E+00   -.9107E+00   -.9131E+00   -.9125E+00   -.9125E+00   -.9125E+00   -.9125E+00   -.9125E+00   -.9125E+00
0.2400E+03   0.1000E+01   -.4528E+01   -.3886E+00   -.4640E+00   -.2834E+00   -.4133E+00   -.4898E+00   -.4456E+00   -.6500E+00   -.6605E+00   -.7397E+00   -.7292E+00   -.7783E+00   -.7682E+00   -.8020E+00   -.7929E+00   -.8172E+00   -.8094E+00   -.8276E+00   -.8213E+00   -.8352E+00   -.8301E+00   -.8409E+00   -.8368E+00   -.8453E+00   -.8421E+00   -.8488E+00   -.8464E+00   -.8517E+00   -.8498E+00   -.8541E+00   -.8526E+00   -.8561E+00   -.8549E+00   -.8577E+00   -.8569E+00   -.8591E+00   -.8591E+00   -.8591E+00   -.8591E+00   -.8591E+00   -.8591E+00
0.2410E+03   0.1333E+01   -.4950E+01   -.4641E+01   -.4004E+00   -.4592E+00   -.2839E+00   -.4070E+00   -.4647E+00   -.4325E+00   -.6261E+00   -.6390E+00   -.7129E+00   -.7037E+00   -.7494E+00   -.7404E+00   -.7719E+00   -.7635E+00   -.7862E+00   -.7790E+00   -.7960E+00   -.7901E+00   -.8031E+00   -.7984E+00   -.8084E+00   -.8047E+00   -.8126E+00   -.8097E+00   -.8159E+00   -.8136E+00   -.8186E+00   -.8169E+00   -.8209E+00   -.8195E+00   -.8228E+00   -.8217E+00   -.8243E+00   -.8236E+00   -.8236E+00   -.8236E+00   -.8236E+00   -.8236E+00   -.8236E+00
0.2420E+03   0.1667E+01   -.4735E+01   -.5060E+01   -.4709E+01   -.4087E+00   -.4629E+00   -.2912E+00   -.4103E+00   -.4543E+00   -.4294E+00   -.6159E+00   -.6308E+00   -.7011E+00   -.6930E+00   -.7364E+00   -.7281E+00   -.7579E+00   -.7502E+00   -.7716E+00   -.7650E+00   -.7810E+00   -.7755E+00   -.7877E+00   -.7833E+00   -.7928E+00   -.7894E+00   -.7968E+00   -.7941E+00   -.8000E+00   -.7979E+00   -.8026E+00   -.8009E+00   -.8047E+00   -.8034E+00   -.8065E+00   -.8055E+00   -.8079E+00   -.8079E+00   -.8079E+00   -.8079E+00   -.8079E+00   -.8079E+00
0.2430E+03   0.2000E+01   -.4972E+01   -.4805E+01   -.5125E+01   -.4738E+01   -.4101E+00   -.4613E+00   -.2919E+00   -.4082E+00   -.4449E+00   -.4260E+00   -.6076E+00   -.6242E+00   -.6919E+00   -.6848E+00   -.7264E+00   -.7188E+00   -.7473E+00   -.7401E+00   -.7606E+00   -.7543E+00   -.7696E+00   -.7645E+00   -.7761E+00   -.7720E+00   -.7810E+00   -.7777E+00   -.7848E+00   -.7823E+00   -.7879E+00   -.7859E+00   -.7904E+00   -.7888E+00   -.7924E+00   -.7912E+00   -.7941E+00   -.7932E+00   -.7932E+00   -.7932E+00   -.7932E+00   -.7932E+00   -.7932E+00
0.2440E+03   0.2333E+01   -.4999E+01   -.5029E+01   -.4849E+01   -.5155E+01   -.4758E+01   -.4135E+00   -.4628E+00   -.2951E+00   -.4095E+00   -.4402E+00   -.4254E+00   -.6035E+00   -.6213E+00   -.6872E+00   -.6808E+00   -.7211E+00   -.7141E+00   -.7417E+00   -.7348E+00   -.7546E+00   -.7486E+00   -.7634E+00   -.7585E+00   -.7697E+00   -.7657E+00   -.7744E+00   -.7713E+00   -.7781E+00   -.7756E+00   -.7811E+00   -.7791E+00   -.7834E+00   -.7819E+00   -.7854E+00   -.7842E+00   -.7870E+00   -.7870E+00   -.7870E+00   -.7870E+00   -.7870E+00   -.7870E+00
0.2450E+03   0.2667E+01   -.5070E+01   -.5040E+01   -.5066E+01   -.4871E+01   -.5175E+01   -.4771E+01   -.4144E+00   -.4623E+00   -.2958E+00   -.4088E+00   -.4358E+00   -.4244E+00   -.5998E+00   -.6188E+00   -.6832E+00   -.6775E+00   -.7168E+00   -.7101E+00   -.7370E+00   -.7304E+00   -.7496E+00   -.7440E+00   -.7582E+00   -.7535E+00   -.7644E+00   -.7606E+00   -.7690E+00   -.7660E+00   -.7726E+00   -.7702E+00   -.7754E+00   -.7736E+00   -.7777E+00   -.7763E+00   -.7796E+00   -.7785E+00   -.7785E+00   -.7785E+00   -.7785E+00   -.7785E+00   -.7785E+00
0.2460E+03   0.3000E+01   -.5051E+01   -.5104E+01   -.5067E+01   -.5085E+01   -.4885E+01   -.5188E+01   -.4780E+01   -.4160E+00   -.4630E+00   -.2973E+00   -.4093E+00   -.4333E+00   -.4242E+00   -.5977E+00   -.6175E+00   -.6809E+00   -.6756E+00   -.7142E+00   -.7079E+00   -.7341E+00   -.7279E+00   -.7466E+00   -.7411E+00   -.7551E+00   -.7505E+00   -.7611E+00   -.7574E+00   -.7656E+00   -.7626E+00   -.7691E+00   -.7667E+00   -.7718E+00   -.7700E+00   -.7741E+00   -.7726E+00   -.7758E+00   -.7758E+00   -.7758E+00   -.7758E+00   -.7758E+00   -.7758E+00
0.2470E+03   0.3333E+01   -.5070E+01   -.5075E+01   -.5127E+01   -.5081E+01   -.5098E+01   -.4895E+01   -.5198E+01   -.4787E+01   -.4166E+00   -.4629E+00   -.2979E+00   -.4091E+00   -.4309E+00   -.4239E+00   -.5959E+00   -.6164E+00   -.6789E+00   -.6740E+00   -.7119E+00   -.7059E+00   -.7317E+00   -.7257E+00   -.7441E+00   -.7387E+00   -.7524E+00   -.7479E+00   -.7583E+00   -.7547E+00   -.7627E+00   -.7598E+00   -.7661E+00   -.7638E+00   -.7688E+00   -.7670E+00   -.7710E+00   -.7696E+00   -.7696E+00   -.7696E+00   -.7696E+00   -.7696E+00   -.7696E+00
0.2480E+03   0.3667E+01   -.5046E+01   -.5091E+01   -.5092E+01   -.5140E+01   -.5092E+01   -.5107E+01   -.4903E+01   -.5205E+01   -.4793E+01   -.4175E+00   -.4633E+00   -.2987E+00   -.4094E+00   -.4294E+00   -.4239E+00   -.5947E+00   -.6157E+00   -.6776E+00   -.6730E+00   -.7105E+00   -.7047E+00   -.7301E+00   -.7242E+00   -.7423E+00   -.7371E+00   -.7505E+00   -.7462E+00   -.7564E+00   -.7528E+00   -.7607E+00   -.7579E+00   -.7641E+00   -.7618E+00   -.7667E+00   -.7649E+00   -.7687E+00   -.7687E+00   -.7687E+00   -.7687E+00   -.7687E+00   -.7687E+00
0.2490E+03   0.4000E+01   -.5053E+01   -.5061E+01   -.5106E+01   -.5102E+01   -.5149E+01   -.5099E+01   -.5114E+01   -.4908E+01   -.5211E+01   -.4797E+01   -.4179E+00   -.4633E+00   -.2991E+00   -.4093E+00   -.4281E+00   -.4238E+00   -.5937E+00   -.6151E+00   -.6765E+00   -.6722E+00   -.7092E+00   -.7036E+00   -.7288E+00   -.7230E+00   -.7409E+00   -.7357E+00   -.7490E+00   -.7447E+00   -.7547E+00   -.7512E+00   -.7590E+00   -.7562E+00   -.7623E+00   -.7600E+00   -.7649E+00   -.7632E+00   -.7632E+00   -.7632E+00   -.7632E+00   -.7632E+00   -.7632E+00
0.2500E+03   0.4333E+01   -.5034E+01   -.5067E+01   -.5072E+01   -.5115E+01   -.5109E+01   -.5156E+01   -.5104E+01   -.5119E+01   -.4913E+01   -.5215E+01   -.4801E+01   -.4185E+00   -.4635E+00   -.2996E+00   -.4094E+00   -.4272E+00   -.4238E+00   -.5930E+00   -.6148E+00   -.6757E+00   -.6716E+00   -.7084E+00   -.7029E+00   -.7278E+00   -.7221E+00   -.7398E+00   -.7347E+00   -.7478E+00   -.7436E+00   -.7535E+00   -.7501E+00   -.7578E+00   -.7549E+00   -.7610E+00   -.7587E+00   -.7634E+00   -.7634E+00   -.7634E+00   -.7634E+00   -.7634E+00   -.7634E+00
0.2510E+03   0.4667E+01   -.5039E+01   -.5044E+01   -.5077E+01   -.5079E+01   -.5122E+01   -.5114E+01   -.5161E+01   -.5109E+01   -.5123E+01   -.4916E+01   -.5219E+01   -.4804E+01   -.4187E+00   -.4636E+00   -.2999E+00   -.4094E+00   -.4264E+00   -.4238E+00   -.5924E+00   -.6144E+00   -.6751E+00   -.6711E+00   -.7076E+00   -.7022E+00   -.7270E+00   -.7213E+00   -.7389E+00   -.7339E+00   -.7469E+00   -.7426E+00   -.7525E+00   -.7490E+00   -.7567E+00   -.7538E+00   -.7598E+00   -.7577E+00   -.7577E+00   -.7577E+00   -.7577E+00   -.7577E+00   -.7577E+00
0.2520E+03   0.5000E+01   -.5025E+01   -.5048E+01   -.5052E+01   -.5084E+01   -.5084E+01   -.5127E+01   -.5119E+01   -.5165E+01   -.5112E+01   -.5127E+01   -.4919E+01   -.5222E+01   -.4806E+01   -.4191E+00   -.4637E+00   -.3002E+00   -.4095E+00   -.4259E+00   -.4238E+00   -.5920E+00   -.6142E+00   -.6746E+00   -.6707E+00   -.7071E+00   -.7017E+00   -.7263E+00   -.7207E+00   -.7382E+00   -.7332E+00   -.7461E+00   -.7419E+00   -.7517E+00   -.7482E+00   -.7558E+00   -.7530E+00   -.7588E+00   -.7588E+00   -.7588E+00   -.7588E+00   -.7588E+00   -.7588E+00
0.2530E+03   0.5333E+01   -.5028E+01   -.5032E+01   -.5055E+01   -.5057E+01   -.5089E+01   -.5088E+01   -.5131E+01   -.5122E+01   -.5169E+01   -.5115E+01   -.5129E+01   -.4922E+01   -.5224E+01   -.4808E+01   -.4193E+00   -.4638E+00   -.3004E+00   -.4096E+00   -.4254E+00   -.4238E+00   -.5916E+00   -.6140E+00   -.6742E+00   -.6704E+00   -.7066E+00   -.7013E+00   -.7258E+00   -.7202E+00   -.7376E+00   -.7326E+00   -.7455E+00   -.7412E+00   -.7510E+00   -.7475E+00   -.7551E+00   -.7524E+00   -.7524E+00   -.7524E+00   -.7524E+00   -.7524E+00   -.7524E+00
0.2540E+03   0.5667E+01   -.5018E+01   -.5035E+01   -.5038E+01   -.5060E+01   -.5061E+01   -.5092E+01   -.5092E+01   -.5134E+01   -.5125E+01   -.5171E+01   -.5118E+01   -.5132E+01   -.4924E+01   -.5226E+01   -.4810E+01   -.4195E+00   -.4639E+00   -.3006E+00   -.4096E+00   -.4251E+00   -.4238E+00   -.5913E+00   -.6138E+00   -.6739E+00   -.6701E+00   -.7062E+00   -.7010E+00   -.7254E+00   -.7198E+00   -.7371E+00   -.7321E+00   -.7449E+00   -.7407E+00   -.7504E+00   -.7470E+00   -.7543E+00   -.7543E+00   -.7543E+00   -.7543E+00   -.7543E+00   -.7543E+00
0.2550E+03   0.6000E+01   -.5021E+01   -.5023E+01   -.5041E+01   -.5041E+01   -.5064E+01   -.5064E+01   -.5095E+01   -.5094E+01   -.5136E+01   -.5127E+01   -.5173E+01   -.5120E+01   -.5134E+01   -.4925E+01   -.5228E+01   -.4811E+01   -.4196E+00   -.4640E+00   -.3007E+00   -.4097E+00   -.4248E+00   -.4238E+00   -.5911E+00   -.6137E+00   -.6736E+00   -.6699E+00   -.7059E+00   -.7007E+00   -.7250E+00   -.7195E+00   -.7367E+00   -.7317E+00   -.7445E+00   -.7402E+00   -.7499E+00   -.7466E+00   -.7466E+00   -.7466E+00   -.7466E+00   -.7466E+00   -.7466E+00
0.2560E+03   0.6333E+01   -.5014E+01   -.5026E+01   -.5028E+01   -.5044E+01   -.5045E+01   -.5067E+01   -.5067E+01   -.5098E+01   -.5097E+01   -.5138E+01   -.5129E+01   -.5175E+01   -.5121E+01   -.5135E+01   -.4927E+01   -.5229E+01   -.4813E+01   -.4198E+00   -.4641E+00   -.3009E+00   -.4097E+00   -.4246E+00   -.4238E+00   -.5909E+00   -.6136E+00   -.6734E+00   -.6697E+00   -.7056E+00   -.7004E+00   -.7247E+00   -.7192E+00   -.7364E+00   -.7314E+00   -.7441E+00   -.7399E+00   -.7494E+00   -.7494E+00   -.7494E+00   -.7494E+00   -.7494E+00   -.7494E+00
0.2570E+03   0.6667E+01   -.5016E+01   -.5018E+01   -.5030E+01   -.5031E+01   -.5047E+01   -.5047E+01   -.5070E+01   -.5069E+01   -.5100E+01   -.5098E+01   -.5140E+01   -.5130E+01   -.5177E+01   -.5123E+01   -.5137E+01   -.4928E+01   -.5230E+01   -.4814E+01   -.4199E+00   -.4641E+00   -.3010E+00   -.4098E+00   -.4244E+00   -.4238E+00   -.5908E+00   -.6135E+00   -.6732E+00   -.6695E+00   -.7054E+00   -.7002E+00   -.7244E+00   -.7189E+00   -.7361E+00   -.7310E+00   -.7438E+00   -.7397E+00   -.7397E+00   -.7397E+00   -.7397E+00   -.7397E+00   -.7397E+00
0.2580E+03   0.7000E+01   -.5011E+01   -.5020E+01   -.5021E+01   -.5033E+01   -.5033E+01   -.5050E+01   -.5049E+01   -.5072E+01   -.5071E+01   -.5102E+01   -.5100E+01   -.5142E+01   -.5132E+01   -.5178E+01   -.5124E+01   -.5138E+01   -.4929E+01   -.5231E+01   -.4814E+01   -.4200E+00   -.4642E+00   -.3011E+00   -.4098E+00   -.4242E+00   -.4238E+00   -.5907E+00   -.6134E+00   -.6730E+00   -.6694E+00   -.7052E+00   -.7000E+00   -.7242E+00   -.7186E+00   -.7358E+00   -.7308E+00   -.7433E+00   -.7433E+00   -.7433E+00   -.7433E+00   -.7433E+00   -.7433E+00
0.2590E+03   0.7333E+01   -.5013E+01   -.5014E+01   -.5023E+01   -.5023E+01   -.5036E+01   -.5035E+01   -.5052E+01   -.5051E+01   -.5073E+01   -.5072E+01   -.5103E+01   -.5101E+01   -.5143E+01   -.5133E+01   -.5179E+01   -.5125E+01   -.5139E+01   -.4930E+01   -.5232E+01   -.4815E+01   -.4201E+00   -.4642E+00   -.3011E+00   -.4099E+00   -.4241E+00   -.4238E+00   -.5905E+00   -.6133E+00   -.6729E+00   -.6693E+00   -.7051E+00   -.6998E+00   -.7240E+00   -.7184E+00   -.7356E+00   -.7308E+00   -.7308E+00   -.7308E+00   -.7308E+00   -.7308E+00   -.7308E+00
0.2600E+03   0.7667E+01   -.5008E+01   -.5016E+01   -.5016E+01   -.5026E+01   -.5025E+01   -.5038E+01   -.5037E+01   -.5053E+01   -.5052E+01   -.5075E+01   -.5074E+01   -.5104E+01   -.5102E+01   -.5144E+01   -.5134E+01   -.5180E+01   -.5126E+01   -.5140E+01   -.4931E+01   -.5233E+01   -.4816E+01   -.4201E+00   -.4643E+00   -.3012E+00   -.4099E+00   -.4240E+00   -.4238E+00   -.5905E+00   -.6133E+00   -.6728E+00   -.6692E+00   -.7049E+00   -.6997E+00   -.7239E+00   -.7183E+00   -.7352E+00   -.7352E+00   -.7352E+00   -.7352E+00   -.7352E+00   -.7352E+00
0.2610E+03   0.8000E+01   -.5010E+01   -.5011E+01   -.5018E+01   -.5018E+01   -.5028E+01   -.5027E+01   -.5039E+01   -.5038E+01   -.5055E+01   -.5053E+01   -.5076E+01   -.5075E+01   -.5106E+01   -.5103E+01   -.5145E+01   -.5135E+01   -.5181E+01   -.5127E+01   -.5140E+01   -.4931E+01   -.5234E+01   -.4817E+01   -.4202E+00   -.4643E+00   -.3012E+00   -.4099E+00   -.4240E+00   -.4238E+00   -.5904E+00   -.6132E+00   -.6727E+00   -.6691E+00   -.7048E+00   -.6995E+00   -.7237E+00   -.7185E+00   -.7185E+00   -.7185E+00   -.7185E+00   -.7185E+00   -.7185E+00
0.2620E+03   0.8333E+01   -.5007E+01   -.5012E+01   -.5013E+01   -.5020E+01   -.5020E+01   -.5029E+01   -.5028E+01   -.5041E+01   -.5039E+01   -.5056E+01   -.5055E+01   -.5077E+01   -.5076E+01   -.5106E+01   -.5104E+01   -.5146E+01   -.5136E+01   -.5182E+01   -.5127E+01   -.5141E+01   -.4932E+01   -.5234E+01   -.4817E+01   -.4202E+00   -.4644E+00   -.3013E+00   -.4100E+00   -.4239E+00   -.4238E+00   -.5903E+00   -.6131E+00   -.6726E+00   -.6690E+00   -.7047E+00   -.6995E+00   -.7233E+00   -.7233E+00   -.7233E+00   -.7233E+00   -.7233E+00   -.7233E+00
0.2630E+03   0.8667E+01   -.5008E+01   -.5009E+01   -.5015E+01   -.5014E+01   -.5022E+01   -.5021E+01   -.5031E+01   -.5030E+01   -.5042E+01   -.5041E+01   -.5057E+01   -.5055E+01   -.5078E+01   -.5076E+01   -.5107E+01   -.5105E+01   -.5147E+01   -.5136E+01   -.5182E+01   -.5128E+01   -.5142E+01   -.4932E+01   -.5235E+01   -.4818E+01   -.4202E+00   -.4644E+00   -.3013E+00   -.4100E+00   -.4238E+00   -.4238E+00   -.5903E+00   -.6131E+00   -.6726E+00   -.6689E+00   -.7046E+00   -.6998E+00   -.6998E+00   -.6998E+00   -.6998E+00   -.6998E+00   -.6998E+00
0.2640E+03   0.9000E+01   -.5005E+01   -.5010E+01   -.5010E+01   -.5016E+01   -.5016E+01   -.5023E+01   -.5022E+01   -.5032E+01   -.5031E+01   -.5043E+01   -.5041E+01   -.5058E+01   -.5056E+01   -.5079E+01   -.5077E+01   -.5108E+01   -.5106E+01   -.5147E+01   -.5137E+01   -.5183E+01   -.5128E+01   -.5142E+01   -.4933E+01   -.5235E+01   -.4818E+01   -.4203E+00   -.4645E+00   -.3013E+00   -.4100E+00   -.4238E+00   -.4238E+00   -.5902E+00   -.6130E+00   -.6725E+00   -.6689E+00   -.7042E+00   -.7042E+00   -.7042E+00   -.7042E+00   -.7042E+00   -.7042E+00
0.2650E+03   0.9333E+01   -.5007E+01   -.5007E+01   -.5012E+01   -.5012E+01   -.5018E+01   -.5017E+01   -.5024E+01   -.5023E+01   -.5033E+01   -.5031E+01   -.5044E+01   -.5042E+01   -.5059E+01   -.5057E+01   -.5079E+01   -.5078E+01   -.5109E+01   -.5106E+01   -.5148E+01   -.5137E+01   -.5183E+01   -.5129E+01   -.5142E+01   -.4933E+01   -.5235E+01   -.4818E+01   -.4203E+00   -.4645E+00   -.3013E+00   -.4100E+00   -.4237E+00   -.4238E+00   -.5901E+00   -.6130E+00   -.6725E+00   -.6694E+00   -.6694E+00   -.6694E+00   -.6694E+00   -.6694E+00   -.6694E+00
0.2660E+03   0.9667E+01   -.5005E+01   -.5008E+01   -.5009E+01   -.5013E+01   -.5013E+01   -.5019E+01   -.5018E+01   -.5025E+01   -.5024E+01   -.5034E+01   -.5032E+01   -.5044E+01   -.5043E+01   -.5059E+01   -.5058E+01   -.5080E+01   -.5078E+01   -.5109E+01   -.5107E+01   -.5148E+01   -.5138E+01   -.5184E+01   -.5129E+01   -.5143E+01   -.4934E+01   -.5236E+01   -.4819E+01   -.4203E+00   -.4645E+00   -.3014E+00   -.4101E+00   -.4236E+00   -.4238E+00   -.5901E+00   -.6131E+00   -.6721E+00   -.6721E+00   -.6721E+00   -.6721E+00   -.6721E+00   -.6721E+00
0.2670E+03   0.1000E+02   -.5005E+01   -.5006E+01   -.5010E+01   -.5010E+01   -.5014E+01   -.5014E+01   -.5020E+01   -.5019E+01   -.5026E+01   -.5025E+01   -.5034E+01   -.5033E+01   -.5045E+01   -.5043E+01   -.5060E+01   -.5058E+01   -.5080E+01   -.5079E+01   -.5109E+01   -.5107E+01   -.5148E+01   -.5138E+01   -.5184E+01   -.5130E+01   -.5143E+01   -.4934E+01   -.5236E+01   -.4819E+01   -.4203E+00   -.4646E+00   -.3014E+00   -.4101E+00   -.4235E+00   -.4239E+00   -.5902E+00   -.6138E+00   -.6138E+00   -.6138E+00   -.6138E+00   -.6138E+00   -.6138E+00
0.2680E+03   0.1033E+02   -.5004E+01   -.5007E+01   -.5007E+01   -.5011E+01   -.5011E+01   -.5015E+01   -.5015E+01   -.5021E+01   -.5020E+01   -.5027E+01   -.5026E+01   -.5035E+01   -.5034E+01   -.5046E+01   -.5044E+01   -.5060E+01   -.5059E+01   -.5081E+01   -.5079E+01   -.5110E+01   -.5107E+01   -.5149E+01   -.5139E+01   -.5184E+01   -.5130E+01   -.5143E+01   -.4934E+01   -.5236E+01   -.4819E+01   -.4203E+00   -.4646E+00   -.3014E+00   -.4101E+00   -.4234E+00   -.4239E+00   -.5902E+00   -.5902E+00   -.5902E+00   -.5902E+00   -.5902E+00   -.5902E+00
0.2690E+03   0.1067E+02   -.5005E+01   -.5005E+01   -.5008E+01   -.5008E+01   -.5012E+01   -.5012E+01   -.5016E+01   -.5016E+01   -.5021E+01   -.5020E+01   -.5027E+01   -.5026E+01   -.5036E+01   -.5034E+01   -.5046E+01   -.5044E+01   -.5061E+01   -.5059E+01   -.5081E+01   -.5079E+01   -.5110E+01   -.5108E+01   -.5149E+01   -.5139E+01   -.5185E+01   -.5130E+01   -.5143E+01   -.4934E+01   -.5236E+01   -.4819E+01   -.4203E+00   -.4646E+00   -.3014E+00   -.4101E+00   -.4234E+00   -.4242E+00   -.4242E+00   -.4242E+00   -.4242E+00   -.4242E+00   -.4242E+00
0.2700E+03   0.1100E+02   -.5003E+01   -.5006E+01   -.5006E+01   -.5009E+01   -.5009E+01   -.5013E+01   -.5012E+01   -.5017E+01   -.5016E+01   -.5022E+01   -.5021E+01   -.5028E+01   -.5027E+01   -.5036E+01   -.5034E+01   -.5047E+01   -.5045E+01   -.5061E+01   -.5059E+01   -.5081E+01   -.5080E+01   -.5110E+01   -.5108E+01   -.5149E+01   -.5139E+01   -.5185E+01   -.5130E+01   -.5144E+01   -.4935E+01   -.5236E+01   -.4820E+01   -.4203E+00   -.4647E+00   -.3014E+00   -.4101E+00   -.4250E+00   -.4250E+00   -.4250E+00   -.4250E+00   -.4250E+00   -.4250E+00
0.2710E+03   0.1133E+02   -.5004E+01   -.5004E+01   -.5007E+01   -.5007E+01   -.5010E+01   -.5010E+01   -.5013E+01   -.5013E+01   -.5017E+01   -.5017E+01   -.5022E+01   -.5021E+01   -.5028E+01   -.5027E+01   -.5036E+01   -.5035E+01   -.5047E+01   -.5045E+01   -.5061E+01   -.5060E+01   -.5082E+01   -.5080E+01   -.5111E+01   -.5108E+01   -.5149E+01   -.5139E+01   -.5185E+01   -.5131E+01   -.5144E+01   -.4935E+01   -.5237E+01   -.4820E+01   -.4203E+00   -.4647E+00   -.3016E+00   -.4083E+00   -.4083E+00   -.4083E+00   -.4083E+00   -.4083E+00   -.4083E+00
0.2720E+03   0.1167E+02   -.5003E+01   -.5005E+01   -.5005E+01   -.5008E+01   -.5008E+01   -.5011E+01   -.5010E+01   -.5014E+01   -.5013E+01   -.5018E+01   -.5017E+01   -.5023E+01   -.5022E+01   -.5029E+01   -.5028E+01   -.5037E+01   -.5035E+01   -.5047E+01   -.5045E+01   -.5062E+01   -.5060E+01   -.5082E+01   -.5080E+01   -.5111E+01   -.5108E+01   -.5150E+01   -.5140E+01   -.5185E+01   -.5131E+01   -.5144E+01   -.4935E+01   -.5237E+01   -.4820E+01   -.4203E+00   -.4643E+00   -.3047E+00   -.3047E+00   -.3047E+00   -.3047E+00   -.3047E+00   -.3047E+00
0.2730E+03   0.1200E+02   -.5003E+01   -.5004E+01   -.5006E+01   -.5006E+01   -.5008E+01   -.5008E+01   -.5011E+01   -.5011E+01   -.5014E+01   -.5014E+01   -.5018E+01   -.5018E+01   -.5023E+01   -.5022E+01   -.5029E+01   -.5028E+01   -.5037E+01   -.5035E+01   -.5047E+01   -.5046E+01   -.5062E+01   -.5060E+01   -.5082E+01   -.5080E+01   -.5111E+01   -.5109E+01   -.5150E+01   -.5140E+01   -.5185E+01   -.5131E+01   -.5144E+01   -.4935E+01   -.5238E+01   -.4819E+01   -.4201E+00   -.4585E+00   -.4585E+00   -.4585E+00   -.4585E+00   -.4585E+00   -.4585E+00
0.2740E+03   0.1233E+02   -.5003E+01   -.5004E+01   -.5004E+01   -.5006E+01   -.5007E+01   -.5009E+01   -.5009E+01   -.5012E+01   -.5011E+01   -.5015E+01   -.5014E+01   -.5019E+01   -.5018E+01   -.5023E+01   -.5022E+01   -.5029E+01   -.5028E+01   -.5037E+01   -.5036E+01   -.5048E+01   -.5046E+01   -.5062E+01   -.5060E+01   -.5082E+01   -.5081E+01   -.5111E+01   -.5109E+01   -.5150E+01   -.5140E+01   -.5186E+01   -.5131E+01   -.5144E+01   -.4933E+01   -.5238E+01   -.4812E+01   -.4241E+00   -.4241E+00   -.4241E+00   -.4241E+00   -.4241E+00   -.4241E+00
0.2370E+03   0.1267E+02   -.4996E+01   -.5012E+01   -.4995E+01   -.5017E+01   -.4993E+01   -.5023E+01   -.4992E+01   -.5029E+01   -.4990E+01   -.5037E+01   -.4987E+01   -.5046E+01   -.4983E+01   -.5058E+01   -.4979E+01   -.5072E+01   -.4974E+01   -.5090E+01   -.4967E+01   -.5113E+01   -.4960E+01   -.5143E+01   -.4952E+01   -.5183E+01   -.4943E+01   -.5237E+01   -.4933E+01   -.5310E+01   -.4918E+01   -.5407E+01   -.4875E+01   -.5510E+01   -.4687E+01   -.5554E+01   -.4228E+01   -.6350E+01   -.6350E+01   -.6350E+01   -.6350E+01   -.6350E+01   -.6350E+01
0.1184E+04   0.1293E+02   -.5002E+01   -.5004E+01   -.5004E+01   -.5005E+01   -.5006E+01   -.5008E+01   -.5008E+01   -.5010E+01   -.5010E+01   -.5012E+01   -.5013E+01   -.5015E+01   -.5016E+01   -.5019E+01   -.5019E+01   -.5024E+01   -.5024E+01   -.5030E+01   -.5030E+01   -.5037E+01   -.5038E+01   -.5047E+01   -.5049E+01   -.5062E+01   -.5065E+01   -.5082E+01   -.5088E+01   -.5111E+01   -.5120E+01   -.5149E+01   -.5156E+01   -.5182E+01   -.5147E+01   -.5127E+01   -.4911E+01   -.5331E+01   -.5331E+01   -.5331E+01   -.5331E+01   -.5331E+01   -.5331E+01
0.1185E+04   0.1323E+02   -.5002E+01   -.5003E+01   -.5004E+01   -.5005E+01   -.5006E+01   -.5006E+01   -.5008E+01   -.5008E+01   -.5010E+01   -.5011E+01   -.5013E+01   -.5013E+01   -.5016E+01   -.5016E+01   -.5020E+01   -.5020E+01   -.5024E+01   -.5025E+01   -.5030E+01   -.5031E+01   -.5038E+01   -.5039E+01   -.5048E+01   -.5050E+01   -.5063E+01   -.5067E+01   -.5083E+01   -.5090E+01   -.5112E+01   -.5122E+01   -.5151E+01   -.5158E+01   -.5180E+01   -.5146E+01   -.5108E+01   -.4956E+01   -.4956E+01   -.4956E+01   -.4956E+01   -.4956E+01   -.4956E+01
0.1186E+04   0.1356E+02   -.5002E+01   -.5003E+01   -.5004E+01   -.5005E+01   -.5005E+01   -.5006E+01   -.5007E+01   -.5008E+01   -.5009E+01   -.5011E+01   -.5011E+01   -.5013E+01   -.5013E+01   -.5016E+01   -.5016E+01   -.5020E+01   -.5020E+01   -.5024E+01   -.5025E+01   -.5030E+01   -.5031E+01   -.5038E+01   -.5039E+01   -.5048E+01   -.5051E+01   -.5062E+01   -.5067E+01   -.5083E+01   -.5090E+01   -.5112E+01   -.5123E+01   -.5151E+01   -.5159E+01   -.5179E+01   -.5147E+01   -.5103E+01   -.5103E+01   -.5103E+01   -.5103E+01   -.5103E+01   -.5103E+01
0.1187E+04   0.1393E+02   -.5002E+01   -.5003E+01   -.5004E+01   -.5004E+01   -.5005E+01   -.5005E+01   -.5007E+01   -.5007E+01   -.5009E+01   -.5009E+01   -.5011E+01   -.5011E+01   -.5013E+01   -.5013E+01   -.5016E+01   -.5016E+01   -.5020E+01   -.5020E+01   -.5024E+01   -.5025E+01   -.5030E+01   -.5031E+01   -.5037E+01   -.5039E+01   -.5047E+01   -.5050E+01   -.5061E+01   -.5066E+01   -.5082E+01   -.5089E+01   -.5110E+01   -.5121E+01   -.5148E+01   -.5158E+01   -.5178E+01   -.5151E+01   -.5151E+01   -.5151E+01   -.5151E+01   -.5151E+01   -.5151E+01
0.1188E+04   0.1435E+02   -.5002E+01   -.5003E+01   -.5003E+01   -.5004E+01   -.5004E+01   -.5005E+01   -.5006E+01   -.5007E+01   -.5007E+01   -.5009E+01   -.5009E+01   -.5011E+01   -.5011E+01   -.5013E+01   -.5013E+01   -.5016E+01   -.5016E+01   -.5019E+01   -.5020E+01   -.5023E+01   -.5024E+01   -.5029E+01   -.5030E+01   -.5036E+01   -.5038E+01   -.5046E+01   -.5049E+01   -.5059E+01   -.5064E+01   -.5079E+01   -.5086E+01   -.5106E+01   -.5117E+01   -.5143E+01   -.5155E+01   -.5176E+01   -.5176E+01   -.5176E+01   -.5176E+01   -.5176E+01   -.5176E+01
0.1189E+04   0.1482E+02   -.5002E+01   -.5002E+01   -.5003E+01   -.5003E+01   -.5004E+01   -.5005E+01   -.5005E+01   -.5006E+01   -.5007E+01   -.5007E+01   -.5008E+01   -.5009E+01   -.5010E+01   -.5011E+01   -.5012E+01   -.5013E+01   -.5015E+01   -.5016E+01   -.5018E+01   -.5019E+01   -.5022E+01   -.5023E+01   -.5028E+01   -.5029E+01   -.5034E+01   -.5036E+01   -.5044E+01   -.5047E+01   -.5056E+01   -.5061E+01   -.5074E+01   -.5082E+01   -.5100E+01   -.5111E+01   -.5135E+01   -.5149E+01   -.5149E+01   -.5149E+01   -.5149E+01   -.5149E+01   -.5149E+01
0.1190E+04   0.1535E+02   -.5002E+01   -.5002E+01   -.5003E+01   -.5003E+01   -.5003E+01   -.5004E+01   -.5005E+01   -.5005E+01   -.5006E+01   -.5007E+01   -.5007E+01   -.5008E+01   -.5009E+01   -.5010E+01   -.5010E+01   -.5012E+01   -.5012E+01   -.5014E+01   -.5015E+01   -.5017E+01   -.5018E+01   -.5021E+01   -.5022E+01   -.5026E+01   -.5027E+01   -.5032E+01   -.5034E+01   -.5041E+01   -.5044E+01   -.5052E+01   -.5057E+01   -.5068E+01   -.5075E+01   -.5092E+01   -.5102E+01   -.5125E+01   -.5125E+01   -.5125E+01   -.5125E+01   -.5125E+01   -.5125E+01
0.1191E+04   0.1594E+02   -.5002E+01   -.5002E+01   -.5002E+01   -.5003E+01   -.5003E+01   -.5004E+01   -.5004E+01   -.5004E+01   -.5005E+01   -.5005E+01   -.5006E+01   -.5007E+01   -.5008E+01   -.5008E+01   -.5009E+01   -.5010E+01   -.5011E+01   -.5012E+01   -.5013E+01   -.5014E+01   -.5016E+01   -.5017E+01   -.5019E+01   -.5021E+01   -.5024E+01   -.5025E+01   -.5029E+01   -.5032E+01   -.5037E+01   -.5040E+01   -.5047E+01   -.5052E+01   -.5061E+01   -.5068E+01   -.5082E+01   -.5092E+01   -.5092E+01   -.5092E+01   -.5092E+01   -.5092E+01   -.5092E+01
0.1192E+04   0.1660E+02   -.5001E+01   -.5002E+01   -.5002E+01   -.5002E+01   -.5003E+01   -.5003E+01   -.5003E+01   -.5004E+01   -.5004E+01   -.5005E+01   -.5005E+01   -.5006E+01   -.5006E+01   -.5007E+01   -.5007E+01   -.5008E+01   -.5009E+01   -.5010E+01   -.5011E+01   -.5012E+01   -.5013E+01   -.5014E+01   -.5015E+01   -.5017E+01   -.5019E+01   -.5021E+01   -.5023E+01   -.5026E+01   -.5029E+01   -.5033E+01   -.5036E+01   -.5042E+01   -.5046E+01   -.5054E+01   -.5060E+01   -.5071E+01   -.5071E+01   -.5071E+01   -.5071E+01   -.5071E+01   -.5071E+01
0.1193E+04   0.1735E+02   -.5001E+01   -.5001E+01   -.5002E+01   -.5002E+01   -.5002E+01   -.5002E+01   -.5003E+01   -.5003E+01   -.5003E+01   -.5004E+01   -.5004E+01   -.5005E+01   -.5005E+01   -.5005E+01   -.5006E+01   -.5007E+01   -.5007E+01   -.5008E+01   -.5009E+01   -.5009E+01   -.5010E+01   -.5011E+01   -.5013E+01   -.5014E+01   -.5015E+01   -.5017E+01   -.5019E+01   -.5020E+01   -.5023E+01   -.5025E+01   -.5028E+01   -.5032E+01   -.5036E+01   -.5040E+01   -.5046E+01   -.5052E+01   -.5052E+01   -.5052E+01   -.5052E+01   -.5052E+01   -.5052E+01
0.1194E+04   0.1818E+02   -.5001E+01   -.5001E+01   -.5001E+01   -.5002E+01   -.5002E+01   -.5002E+01   -.5002E+01   -.5002E+01   -.5003E+01   -.5003E+01   -.5003E+01   -.5003E+01   -.5004E+01   -.5004E+01   -.5005E+01   -.5005E+01   -.5005E+01   -.5006E+01   -.5007E+01   -.5007E+01   -.5008E+01   -.5009E+01   -.5010E+01   -.5010E+01   -.5012E+01   -.5013E+01   -.5014E+01   -.5016E+01   -.5018E+01   -.5019E+01   -.5022E+01   -.5024E+01   -.5027E+01   -.5030E+01   -.5034E+01   -.5038E+01   -.5038E+01   -.5038E+01   -.5038E+01   -.5038E+01   -.5038E+01
0.1195E+04   0.1912E+02   -.5001E+01   -.5001E+01   -.5001E+01   -.5001E+01   -.5001E+01   -.5001E+01   -.5001E+01   -.5002E+01   -.5002E+01   -.5002E+01   -.5002E+01   -.5002E+01   -.5002E+01   -.5003E+01   -.5003E+01   -.5003E+01   -.5003E+01   -.5004E+01   -.5004E+01   -.5005E+01   -.5005E+01   -.5006E+01   -.5007E+01   -.5008E+01   -.5008E+01   -.5010E+01   -.5010E+01   -.5012E+01   -.5012E+01   -.5015E+01   -.5015E+01   -.5018E+01   -.5019E+01   -.5023E+01   -.5024E+01   -.5029E+01   -.5029E+01   -.5029E+01   -.5029E+01   -.5029E+01   -.5029E+01
0.1196E+04   0.2017E+02   -.5001E+01   -.5001E+01   -.5001E+01   -.5001E+01   -.5001E+01   -.5001E+01   -.5001E+01   -.5001E+01   -.5001E+01   -.5001E+01   -.5001E+01   -.5001E+01   -.5001E+01   -.5001E+01   -.5002E+01   -.5001E+01   -.5002E+01   -.5002E+01   -.5003E+01   -.5002E+01   -.5003E+01   -.5003E+01   -.5004E+01   -.5004E+01   -.5006E+01   -.5005E+01   -.5007E+01   -.5007E+01   -.5009E+01   -.5009E+01   -.5012E+01   -.5011E+01   -.5015E+01   -.5015E+01   -.5019E+01   -.5019E+01   -.5019E+01   -.5019E+01   -.5019E+01   -.5019E+01   -.5019E+01
0.1197E+04   0.2135E+02   -.5001E+01   -.5001E+01   -.5001E+01   -.5001E+01   -.5000E+01   -.5000E+01   -.5000E+01   -.5000E+01   -.5000E+01   -.5000E+01   -.5000E+01   -.5000E+01   -.4999E+01   -.5000E+01   -.4999E+01   -.5000E+01   -.4999E+01   -.5000E+01   -.5000E+01   -.5000E+01   -.5000E+01   -.5001E+01   -.5000E+01   -.5002E+01   -.5001E+01   -.5003E+01   -.5002E+01   -.5004E+01   -.5003E+01   -.5006E+01   -.5005E+01   -.5008E+01   -.5007E+01   -.5011E+01   -.5009E+01   -.5015E+01   -.5015E+01   -.5015E+01   -.5015E+01   -.5015E+01   -.5015E+01
0.1183E+04   0.2267E+02   -.5001E+01   -.5001E+01   -.5001E+01   -.5000E+01   -.5000E+01   -.5000E+01   -.5000E+01   -.4999E+01   -.4999E+01   -.4999E+01   -.4999E+01   -.4999E+01   -.4999E+01   -.4998E+01   -.4999E+01   -.4998E+01   -.4999E+01   -.4998E+01   -.4999E+01   -.4998E+01   -.4999E+01   -.4998E+01   -.5000E+01   -.4999E+01   -.5000E+01   -.4999E+01   -.5002E+01   -.5000E+01   -.5003E+01   -.5001E+01   -.5005E+01   -.5003E+01   -.5007E+01   -.5005E+01   -.5010E+01   -.5007E+01   -.5007E+01   -.5007E+01   -.5007E+01   -.5007E+01   -.5007E+01
