0.2350E+03   0.0000E+00   0.5701E+00   0.6511E+00   0.7240E+00   0.7701E+00   0.8177E+00   0.8526E+00   0.8872E+00   0.9145E+00   0.9390E+00   0.9594E+00   0.9776E+00   0.9926E+00   0.1006E+01   0.1017E+01   0.1027E+01   0.1036E+01   0.1043E+01   0.1050E+01   0.1056E+01   0.1061E+01   0.1066E+01   0.1070E+01   0.1074E+01   0.1077E+01   0.1080E+01   0.1082E+01   0.1085E+01   0.1087E+01   0.1089E+01   0.1091E+01   0.1092E+01   0.1094E+01   0.1095E+01   0.1096E+01   0.1098E+01   0.1099E+01   0.1099E+01   0.1099E+01   0.1099E+01   0.1099E+01   0.1099E+01
0.2380E+03   0.3333E+00   0.5138E+00   0.6415E+00   0.6962E+00   0.7562E+00   0.7976E+00   0.8378E+00   0.8700E+00   0.8998E+00   0.9234E+00   0.9452E+00   0.9629E+00   0.9788E+00   0.9919E+00   0.1004E+01   0.1014E+01   0.1022E+01   0.1030E+01   0.1037E+01   0.1043E+01   0.1048E+01   0.1052E+01   0.1057E+01   0.1060E+01   0.1064E+01   0.1067E+01   0.1069E+01   0.1072E+01   0.1074E+01   0.1076E+01   0.1078E+01   0.1079E+01   0.1081E+01   0.1082E+01   0.1083E+01   0.1085E+01   0.1086E+01   0.1086E+01   0.1086E+01   0.1086E+01   0.1086E+01   0.1086E+01
0.2390E+03   0.6667E+00   0.5267E+00   0.6537E+00   0.7428E+00   0.7947E+00   0.8471E+00   0.8854E+00   0.9225E+00   0.9517E+00   0.9781E+00   0.9999E+00   0.1019E+01   0.1035E+01   0.1049E+01   0.1061E+01   0.1072E+01   0.1081E+01   0.1089E+01   0.1096E+01   0.1102E+01   0.1107E+01   0.1112E+01   0.1116E+01   0.1120E+01   0.1123E+01   0.1126E+01   0.1129E+01   0.1132E+01   0.1134E+01   0.1136E+01   0.1138E+01   0.1139E+01   0.1141E+01   0.1142E+01   0.1143E+01   0.1145E+01   0.1146E+01   0.1146E+01   0.1146E+01   0.1146E+01   0.1146E+01   0.1146E+01
0.2400E+03   0.1000E+01   0.2319E+00   0.5907E+00   0.6620E+00   0.7470E+00   0.7964E+00   0.8452E+00   0.8821E+00   0.9164E+00   0.9433E+00   0.9684E+00   0.9885E+00   0.1006E+01   0.1021E+01   0.1034E+01   0.1045E+01   0.1055E+01   0.1063E+01   0.1070E+01   0.1076E+01   0.1082E+01   0.1087E+01   0.1092E+01   0.1095E+01   0.1099E+01   0.1102E+01   0.1105E+01   0.1107E+01   0.1110E+01   0.1112E+01   0.1114E+01   0.1115E+01   0.1117E+01   0.1118E+01   0.1120E+01   0.1121E+01   0.1122E+01   0.1122E+01   0.1122E+01   0.1122E+01   0.1122E+01   0.1122E+01
0.2410E+03   0.1333E+01   0.1659E+00   0.2764E+00   0.5787E+00   0.6541E+00   0.7343E+00   0.7836E+00   0.8311E+00   0.8664E+00   0.8987E+00   0.9251E+00   0.9487E+00   0.9676E+00   0.9843E+00   0.9980E+00   0.1010E+01   0.1020E+01   0.1029E+01   0.1037E+01   0.1044E+01   0.1050E+01   0.1055E+01   0.1060E+01   0.1064E+01   0.1068E+01   0.1071E+01   0.1074E+01   0.1077E+01   0.1079E+01   0.1081E+01   0.1083E+01   0.1085E+01   0.1087E+01   0.1088E+01   0.1089E+01   0.1091E+01   0.1092E+01   0.1092E+01   0.1092E+01   0.1092E+01   0.1092E+01   0.1092E+01
0.2420E+03   0.1667E+01   0.1101E+00   0.1856E+00   0.2869E+00   0.5979E+00   0.6726E+00   0.7522E+00   0.8010E+00   0.8472E+00   0.8808E+00   0.9132E+00   0.9385E+00   0.9610E+00   0.9789E+00   0.9948E+00   0.1008E+01   0.1019E+01   0.1029E+01   0.1038E+01   0.1045E+01   0.1052E+01   0.1057E+01   0.1062E+01   0.1067E+01   0.1071E+01   0.1074E+01   0.1077E+01   0.1080E+01   0.1082E+01   0.1085E+01   0.1087E+01   0.1089E+01   0.1090E+01   0.1092E+01   0.1093E+01   0.1094E+01   0.1095E+01   0.1095E+01   0.1095E+01   0.1095E+01   0.1095E+01   0.1095E+01
0.2430E+03   0.2000E+01   0.7327E-01   0.1256E+00   0.1896E+00   0.2957E+00   0.5886E+00   0.6679E+00   0.7477E+00   0.7960E+00   0.8405E+00   0.8750E+00   0.9065E+00   0.9309E+00   0.9526E+00   0.9699E+00   0.9852E+00   0.9977E+00   0.1009E+01   0.1018E+01   0.1026E+01   0.1033E+01   0.1040E+01   0.1045E+01   0.1050E+01   0.1054E+01   0.1058E+01   0.1061E+01   0.1064E+01   0.1067E+01   0.1069E+01   0.1071E+01   0.1073E+01   0.1075E+01   0.1077E+01   0.1078E+01   0.1079E+01   0.1080E+01   0.1081E+01   0.1081E+01   0.1081E+01   0.1081E+01   0.1081E+01
0.2440E+03   0.2333E+01   0.5039E-01   0.8430E-01   0.1281E+00   0.1959E+00   0.3022E+00   0.6032E+00   0.6827E+00   0.7623E+00   0.8087E+00   0.8547E+00   0.8884E+00   0.9193E+00   0.9431E+00   0.9643E+00   0.9811E+00   0.9959E+00   0.1008E+01   0.1019E+01   0.1028E+01   0.1036E+01   0.1042E+01   0.1049E+01   0.1054E+01   0.1058E+01   0.1062E+01   0.1066E+01   0.1069E+01   0.1072E+01   0.1075E+01   0.1077E+01   0.1079E+01   0.1081E+01   0.1083E+01   0.1084E+01   0.1085E+01   0.1087E+01   0.1087E+01   0.1087E+01   0.1087E+01   0.1087E+01   0.1087E+01
0.2450E+03   0.2667E+01   0.3516E-01   0.5814E-01   0.8528E-01   0.1321E+00   0.1986E+00   0.3063E+00   0.6020E+00   0.6830E+00   0.7605E+00   0.8090E+00   0.8546E+00   0.8879E+00   0.9183E+00   0.9417E+00   0.9624E+00   0.9789E+00   0.9934E+00   0.1005E+01   0.1016E+01   0.1024E+01   0.1032E+01   0.1039E+01   0.1045E+01   0.1050E+01   0.1054E+01   0.1058E+01   0.1062E+01   0.1065E+01   0.1067E+01   0.1070E+01   0.1072E+01   0.1074E+01   0.1076E+01   0.1078E+01   0.1079E+01   0.1080E+01   0.1080E+01   0.1080E+01   0.1080E+01   0.1080E+01   0.1080E+01
0.2460E+03   0.3000E+01   0.2531E-01   0.4041E-01   0.5880E-01   0.8731E-01   0.1337E+00   0.2019E+00   0.3115E+00   0.6097E+00   0.6881E+00   0.7688E+00   0.8169E+00   0.8623E+00   0.8953E+00   0.9254E+00   0.9484E+00   0.9689E+00   0.9850E+00   0.9993E+00   0.1011E+01   0.1021E+01   0.1030E+01   0.1037E+01   0.1044E+01   0.1049E+01   0.1054E+01   0.1059E+01   0.1063E+01   0.1066E+01   0.1069E+01   0.1072E+01   0.1074E+01   0.1076E+01   0.1078E+01   0.1080E+01   0.1081E+01   0.1083E+01   0.1083E+01   0.1083E+01   0.1083E+01   0.1083E+01   0.1083E+01
0.2470E+03   0.3333E+01   0.1852E-01   0.2897E-01   0.4077E-01   0.6005E-01   0.8781E-01   0.1357E+00   0.2044E+00   0.3140E+00   0.6027E+00   0.6867E+00   0.7676E+00   0.8156E+00   0.8608E+00   0.8936E+00   0.9235E+00   0.9463E+00   0.9665E+00   0.9824E+00   0.9965E+00   0.1008E+01   0.1018E+01   0.1026E+01   0.1034E+01   0.1040E+01   0.1046E+01   0.1051E+01   0.1055E+01   0.1059E+01   0.1062E+01   0.1065E+01   0.1068E+01   0.1070E+01   0.1072E+01   0.1074E+01   0.1076E+01   0.1077E+01   0.1077E+01   0.1077E+01   0.1077E+01   0.1077E+01   0.1077E+01
0.2480E+03   0.3667E+01   0.1405E-01   0.2125E-01   0.2929E-01   0.4141E-01   0.6036E-01   0.8885E-01   0.1370E+00   0.2063E+00   0.3140E+00   0.6109E+00   0.6947E+00   0.7754E+00   0.8234E+00   0.8684E+00   0.9011E+00   0.9308E+00   0.9534E+00   0.9734E+00   0.9892E+00   0.1003E+01   0.1014E+01   0.1024E+01   0.1033E+01   0.1040E+01   0.1046E+01   0.1052E+01   0.1056E+01   0.1061E+01   0.1064E+01   0.1068E+01   0.1070E+01   0.1073E+01   0.1075E+01   0.1077E+01   0.1079E+01   0.1081E+01   0.1081E+01   0.1081E+01   0.1081E+01   0.1081E+01   0.1081E+01
0.2490E+03   0.4000E+01   0.1074E-01   0.1606E-01   0.2142E-01   0.2973E-01   0.4151E-01   0.6096E-01   0.8952E-01   0.1382E+00   0.2058E+00   0.3157E+00   0.6120E+00   0.6958E+00   0.7766E+00   0.8245E+00   0.8695E+00   0.9020E+00   0.9315E+00   0.9540E+00   0.9738E+00   0.9895E+00   0.1003E+01   0.1014E+01   0.1024E+01   0.1033E+01   0.1040E+01   0.1046E+01   0.1051E+01   0.1056E+01   0.1060E+01   0.1064E+01   0.1067E+01   0.1070E+01   0.1072E+01   0.1075E+01   0.1077E+01   0.1078E+01   0.1078E+01   0.1078E+01   0.1078E+01   0.1078E+01   0.1078E+01
0.2500E+03   0.4333E+01   0.8508E-02   0.1233E-01   0.1624E-01   0.2168E-01   0.2976E-01   0.4181E-01   0.6133E-01   0.9012E-01   0.1373E+00   0.2074E+00   0.3173E+00   0.6141E+00   0.6982E+00   0.7789E+00   0.8268E+00   0.8717E+00   0.9042E+00   0.9336E+00   0.9559E+00   0.9757E+00   0.9912E+00   0.1005E+01   0.1016E+01   0.1026E+01   0.1034E+01   0.1041E+01   0.1047E+01   0.1053E+01   0.1057E+01   0.1061E+01   0.1065E+01   0.1068E+01   0.1071E+01   0.1073E+01   0.1075E+01   0.1077E+01   0.1077E+01   0.1077E+01   0.1077E+01   0.1077E+01   0.1077E+01
0.2510E+03   0.4667E+01   0.6731E-02   0.9720E-02   0.1243E-01   0.1645E-01   0.2169E-01   0.2994E-01   0.4200E-01   0.6168E-01   0.8948E-01   0.1383E+00   0.2083E+00   0.3185E+00   0.6156E+00   0.6997E+00   0.7805E+00   0.8283E+00   0.8732E+00   0.9056E+00   0.9349E+00   0.9572E+00   0.9768E+00   0.9923E+00   0.1006E+01   0.1017E+01   0.1027E+01   0.1035E+01   0.1042E+01   0.1048E+01   0.1053E+01   0.1058E+01   0.1062E+01   0.1065E+01   0.1068E+01   0.1071E+01   0.1074E+01   0.1076E+01   0.1076E+01   0.1076E+01   0.1076E+01   0.1076E+01   0.1076E+01
0.2520E+03   0.5000E+01   0.5513E-02   0.7738E-02   0.9847E-02   0.1257E-01   0.1644E-01   0.2179E-01   0.3002E-01   0.4217E-01   0.6125E-01   0.9002E-01   0.1388E+00   0.2091E+00   0.3195E+00   0.6168E+00   0.7010E+00   0.7818E+00   0.8297E+00   0.8745E+00   0.9068E+00   0.9361E+00   0.9583E+00   0.9779E+00   0.9932E+00   0.1007E+01   0.1018E+01   0.1027E+01   0.1035E+01   0.1042E+01   0.1048E+01   0.1054E+01   0.1058E+01   0.1062E+01   0.1066E+01   0.1069E+01   0.1071E+01   0.1074E+01   0.1074E+01   0.1074E+01   0.1074E+01   0.1074E+01   0.1074E+01
0.2530E+03   0.5333E+01   0.4481E-02   0.6306E-02   0.7812E-02   0.9972E-02   0.1256E-01   0.1651E-01   0.2184E-01   0.3013E-01   0.4191E-01   0.6155E-01   0.9032E-01   0.1394E+00   0.2098E+00   0.3203E+00   0.6178E+00   0.7021E+00   0.7830E+00   0.8308E+00   0.8756E+00   0.9079E+00   0.9371E+00   0.9592E+00   0.9788E+00   0.9941E+00   0.1008E+01   0.1018E+01   0.1028E+01   0.1036E+01   0.1043E+01   0.1049E+01   0.1054E+01   0.1059E+01   0.1063E+01   0.1066E+01   0.1069E+01   0.1072E+01   0.1072E+01   0.1072E+01   0.1072E+01   0.1072E+01   0.1072E+01
0.2540E+03   0.5667E+01   0.3768E-02   0.5163E-02   0.6400E-02   0.7897E-02   0.9951E-02   0.1260E-01   0.1653E-01   0.2190E-01   0.2995E-01   0.4207E-01   0.6173E-01   0.9060E-01   0.1398E+00   0.2104E+00   0.3210E+00   0.6187E+00   0.7030E+00   0.7839E+00   0.8318E+00   0.8765E+00   0.9088E+00   0.9380E+00   0.9600E+00   0.9795E+00   0.9948E+00   0.1008E+01   0.1019E+01   0.1029E+01   0.1037E+01   0.1044E+01   0.1049E+01   0.1055E+01   0.1059E+01   0.1063E+01   0.1066E+01   0.1069E+01   0.1069E+01   0.1069E+01   0.1069E+01   0.1069E+01   0.1069E+01
0.2550E+03   0.6000E+01   0.3129E-02   0.4318E-02   0.5222E-02   0.6486E-02   0.7888E-02   0.9992E-02   0.1262E-01   0.1657E-01   0.2177E-01   0.3005E-01   0.4216E-01   0.6189E-01   0.9082E-01   0.1401E+00   0.2108E+00   0.3215E+00   0.6194E+00   0.7038E+00   0.7847E+00   0.8326E+00   0.8773E+00   0.9096E+00   0.9387E+00   0.9608E+00   0.9802E+00   0.9954E+00   0.1009E+01   0.1020E+01   0.1029E+01   0.1037E+01   0.1044E+01   0.1050E+01   0.1055E+01   0.1059E+01   0.1063E+01   0.1067E+01   0.1067E+01   0.1067E+01   0.1067E+01   0.1067E+01   0.1067E+01
0.2560E+03   0.6333E+01   0.2686E-02   0.3616E-02   0.4394E-02   0.5283E-02   0.6472E-02   0.7911E-02   0.9990E-02   0.1264E-01   0.1648E-01   0.2183E-01   0.3010E-01   0.4224E-01   0.6202E-01   0.9101E-01   0.1404E+00   0.2112E+00   0.3220E+00   0.6200E+00   0.7045E+00   0.7854E+00   0.8333E+00   0.8780E+00   0.9103E+00   0.9394E+00   0.9614E+00   0.9807E+00   0.9959E+00   0.1009E+01   0.1020E+01   0.1030E+01   0.1037E+01   0.1044E+01   0.1050E+01   0.1055E+01   0.1060E+01   0.1064E+01   0.1064E+01   0.1064E+01   0.1064E+01   0.1064E+01   0.1064E+01
0.2570E+03   0.6667E+01   0.2269E-02   0.3086E-02   0.3665E-02   0.4458E-02   0.5279E-02   0.6499E-02   0.7920E-02   0.1001E-01   0.1257E-01   0.1652E-01   0.2186E-01   0.3016E-01   0.4232E-01   0.6214E-01   0.9118E-01   0.1407E+00   0.2116E+00   0.3224E+00   0.6205E+00   0.7050E+00   0.7860E+00   0.8339E+00   0.8786E+00   0.9109E+00   0.9399E+00   0.9619E+00   0.9812E+00   0.9964E+00   0.1010E+01   0.1020E+01   0.1030E+01   0.1038E+01   0.1045E+01   0.1050E+01   0.1056E+01   0.1060E+01   0.1060E+01   0.1060E+01   0.1060E+01   0.1060E+01   0.1060E+01
0.2580E+03   0.7000E+01   0.1981E-02   0.2631E-02   0.3149E-02   0.3712E-02   0.4451E-02   0.5296E-02   0.6496E-02   0.7933E-02   0.9960E-02   0.1259E-01   0.1654E-01   0.2190E-01   0.3020E-01   0.4238E-01   0.6224E-01   0.9132E-01   0.1409E+00   0.2119E+00   0.3228E+00   0.6210E+00   0.7055E+00   0.7866E+00   0.8344E+00   0.8792E+00   0.9114E+00   0.9404E+00   0.9623E+00   0.9817E+00   0.9968E+00   0.1010E+01   0.1021E+01   0.1030E+01   0.1038E+01   0.1045E+01   0.1051E+01   0.1056E+01   0.1056E+01   0.1056E+01   0.1056E+01   0.1056E+01   0.1056E+01
0.2590E+03   0.7333E+01   0.1697E-02   0.2283E-02   0.2673E-02   0.3201E-02   0.3714E-02   0.4473E-02   0.5302E-02   0.6512E-02   0.7888E-02   0.9981E-02   0.1261E-01   0.1656E-01   0.2193E-01   0.3024E-01   0.4244E-01   0.6232E-01   0.9144E-01   0.1411E+00   0.2121E+00   0.3231E+00   0.6214E+00   0.7060E+00   0.7870E+00   0.8349E+00   0.8796E+00   0.9118E+00   0.9408E+00   0.9627E+00   0.9820E+00   0.9971E+00   0.1010E+01   0.1021E+01   0.1031E+01   0.1038E+01   0.1045E+01   0.1051E+01   0.1051E+01   0.1051E+01   0.1051E+01   0.1051E+01   0.1051E+01
0.2600E+03   0.7667E+01   0.1502E-02   0.1974E-02   0.2336E-02   0.2712E-02   0.3199E-02   0.3727E-02   0.4471E-02   0.5311E-02   0.6480E-02   0.7903E-02   0.9992E-02   0.1263E-01   0.1658E-01   0.2195E-01   0.3028E-01   0.4248E-01   0.6239E-01   0.9154E-01   0.1413E+00   0.2123E+00   0.3233E+00   0.6217E+00   0.7063E+00   0.7874E+00   0.8353E+00   0.8800E+00   0.9122E+00   0.9412E+00   0.9631E+00   0.9824E+00   0.9974E+00   0.1011E+01   0.1021E+01   0.1031E+01   0.1039E+01   0.1045E+01   0.1045E+01   0.1045E+01   0.1045E+01   0.1045E+01   0.1045E+01
0.2610E+03   0.8000E+01   0.1302E-02   0.1736E-02   0.2012E-02   0.2379E-02   0.2717E-02   0.3217E-02   0.3733E-02   0.4484E-02   0.5284E-02   0.6494E-02   0.7914E-02   0.1001E-01   0.1265E-01   0.1660E-01   0.2198E-01   0.3031E-01   0.4252E-01   0.6245E-01   0.9163E-01   0.1414E+00   0.2125E+00   0.3236E+00   0.6220E+00   0.7067E+00   0.7877E+00   0.8356E+00   0.8803E+00   0.9125E+00   0.9415E+00   0.9634E+00   0.9826E+00   0.9977E+00   0.1011E+01   0.1022E+01   0.1031E+01   0.1039E+01   0.1039E+01   0.1039E+01   0.1039E+01   0.1039E+01   0.1039E+01
0.2620E+03   0.8333E+01   0.1165E-02   0.1520E-02   0.1782E-02   0.2045E-02   0.2381E-02   0.2730E-02   0.3218E-02   0.3742E-02   0.4464E-02   0.5294E-02   0.6501E-02   0.7924E-02   0.1002E-01   0.1266E-01   0.1662E-01   0.2200E-01   0.3034E-01   0.4256E-01   0.6250E-01   0.9170E-01   0.1415E+00   0.2127E+00   0.3238E+00   0.6223E+00   0.7069E+00   0.7880E+00   0.8359E+00   0.8806E+00   0.9128E+00   0.9418E+00   0.9636E+00   0.9829E+00   0.9979E+00   0.1011E+01   0.1022E+01   0.1031E+01   0.1031E+01   0.1031E+01   0.1031E+01   0.1031E+01   0.1031E+01
0.2630E+03   0.8667E+01   0.1020E-02   0.1351E-02   0.1553E-02   0.1819E-02   0.2052E-02   0.2398E-02   0.2736E-02   0.3229E-02   0.3725E-02   0.4475E-02   0.5302E-02   0.6511E-02   0.7935E-02   0.1003E-01   0.1267E-01   0.1664E-01   0.2202E-01   0.3036E-01   0.4259E-01   0.6255E-01   0.9177E-01   0.1416E+00   0.2128E+00   0.3239E+00   0.6225E+00   0.7072E+00   0.7883E+00   0.8361E+00   0.8809E+00   0.9130E+00   0.9420E+00   0.9638E+00   0.9831E+00   0.9985E+00   0.1012E+01   0.1022E+01   0.1022E+01   0.1022E+01   0.1022E+01   0.1022E+01   0.1022E+01
0.2640E+03   0.9000E+01   0.9211E-03   0.1194E-02   0.1391E-02   0.1582E-02   0.1823E-02   0.2064E-02   0.2400E-02   0.2744E-02   0.3217E-02   0.3732E-02   0.4480E-02   0.5309E-02   0.6519E-02   0.7944E-02   0.1004E-01   0.1268E-01   0.1665E-01   0.2203E-01   0.3038E-01   0.4261E-01   0.6259E-01   0.9182E-01   0.1417E+00   0.2129E+00   0.3241E+00   0.6227E+00   0.7074E+00   0.7885E+00   0.8364E+00   0.8811E+00   0.9132E+00   0.9422E+00   0.9640E+00   0.9838E+00   0.9987E+00   0.1012E+01   0.1012E+01   0.1012E+01   0.1012E+01   0.1012E+01   0.1012E+01
0.2650E+03   0.9333E+01   0.8129E-03   0.1071E-02   0.1224E-02   0.1422E-02   0.1590E-02   0.1838E-02   0.2071E-02   0.2410E-02   0.2733E-02   0.3226E-02   0.3739E-02   0.4488E-02   0.5317E-02   0.6526E-02   0.7952E-02   0.1005E-01   0.1269E-01   0.1666E-01   0.2204E-01   0.3039E-01   0.4263E-01   0.6262E-01   0.9187E-01   0.1418E+00   0.2130E+00   0.3242E+00   0.6228E+00   0.7076E+00   0.7887E+00   0.8366E+00   0.8813E+00   0.9134E+00   0.9424E+00   0.9648E+00   0.9839E+00   0.9989E+00   0.9985E+00   0.9985E+00   0.9985E+00   0.9985E+00   0.9985E+00
0.2660E+03   0.9667E+01   0.7397E-03   0.9548E-03   0.1106E-02   0.1249E-02   0.1428E-02   0.1601E-02   0.1841E-02   0.2078E-02   0.2403E-02   0.2740E-02   0.3230E-02   0.3744E-02   0.4493E-02   0.5322E-02   0.6532E-02   0.7958E-02   0.1005E-01   0.1270E-01   0.1667E-01   0.2205E-01   0.3040E-01   0.4265E-01   0.6264E-01   0.9191E-01   0.1418E+00   0.2131E+00   0.3243E+00   0.6230E+00   0.7077E+00   0.7889E+00   0.8367E+00   0.8815E+00   0.9136E+00   0.9434E+00   0.9650E+00   0.9841E+00   0.9836E+00   0.9836E+00   0.9836E+00   0.9836E+00   0.9836E+00
0.2670E+03   0.1000E+02   0.6575E-03   0.8629E-03   0.9810E-03   0.1133E-02   0.1258E-02   0.1441E-02   0.1608E-02   0.1850E-02   0.2071E-02   0.2410E-02   0.2745E-02   0.3236E-02   0.3750E-02   0.4498E-02   0.5328E-02   0.6537E-02   0.7963E-02   0.1006E-01   0.1271E-01   0.1667E-01   0.2206E-01   0.3041E-01   0.4266E-01   0.6267E-01   0.9194E-01   0.1419E+00   0.2132E+00   0.3244E+00   0.6231E+00   0.7079E+00   0.7890E+00   0.8369E+00   0.8816E+00   0.9148E+00   0.9435E+00   0.9653E+00   0.9647E+00   0.9647E+00   0.9647E+00   0.9647E+00   0.9647E+00
0.2680E+03   0.1033E+02   0.6019E-03   0.7743E-03   0.8928E-03   0.1003E-02   0.1139E-02   0.1267E-02   0.1445E-02   0.1614E-02   0.1846E-02   0.2076E-02   0.2413E-02   0.2749E-02   0.3240E-02   0.3753E-02   0.4502E-02   0.5331E-02   0.6540E-02   0.7966E-02   0.1006E-01   0.1271E-01   0.1668E-01   0.2207E-01   0.3042E-01   0.4267E-01   0.6269E-01   0.9197E-01   0.1419E+00   0.2132E+00   0.3245E+00   0.6232E+00   0.7080E+00   0.7891E+00   0.8370E+00   0.8832E+00   0.9151E+00   0.9437E+00   0.9429E+00   0.9429E+00   0.9429E+00   0.9429E+00   0.9429E+00
0.2690E+03   0.1067E+02   0.5383E-03   0.7040E-03   0.7975E-03   0.9164E-03   0.1012E-02   0.1151E-02   0.1274E-02   0.1453E-02   0.1610E-02   0.1851E-02   0.2081E-02   0.2418E-02   0.2753E-02   0.3243E-02   0.3757E-02   0.4504E-02   0.5333E-02   0.6542E-02   0.7968E-02   0.1006E-01   0.1271E-01   0.1668E-01   0.2207E-01   0.3043E-01   0.4268E-01   0.6270E-01   0.9200E-01   0.1420E+00   0.2133E+00   0.3245E+00   0.6233E+00   0.7081E+00   0.7892E+00   0.8389E+00   0.8834E+00   0.9154E+00   0.9144E+00   0.9144E+00   0.9144E+00   0.9144E+00   0.9144E+00
0.2700E+03   0.1100E+02   0.4952E-03   0.6355E-03   0.7299E-03   0.8169E-03   0.9227E-03   0.1020E-02   0.1155E-02   0.1279E-02   0.1450E-02   0.1614E-02   0.1854E-02   0.2083E-02   0.2420E-02   0.2755E-02   0.3245E-02   0.3758E-02   0.4505E-02   0.5334E-02   0.6542E-02   0.7969E-02   0.1006E-01   0.1271E-01   0.1668E-01   0.2207E-01   0.3043E-01   0.4269E-01   0.6271E-01   0.9201E-01   0.1420E+00   0.2133E+00   0.3246E+00   0.6234E+00   0.7082E+00   0.7921E+00   0.8395E+00   0.8838E+00   0.8824E+00   0.8825E+00   0.8825E+00   0.8825E+00   0.8825E+00
0.2710E+03   0.1133E+02   0.4453E-03   0.5806E-03   0.6558E-03   0.7503E-03   0.8246E-03   0.9328E-03   0.1026E-02   0.1161E-02   0.1277E-02   0.1454E-02   0.1617E-02   0.1857E-02   0.2086E-02   0.2422E-02   0.2757E-02   0.3246E-02   0.3759E-02   0.4505E-02   0.5334E-02   0.6542E-02   0.7968E-02   0.1006E-01   0.1271E-01   0.1668E-01   0.2207E-01   0.3043E-01   0.4269E-01   0.6272E-01   0.9203E-01   0.1420E+00   0.2134E+00   0.3246E+00   0.6235E+00   0.7116E+00   0.7923E+00   0.8400E+00   0.8383E+00   0.8383E+00   0.8383E+00   0.8383E+00   0.8383E+00
0.2720E+03   0.1167E+02   0.4112E-03   0.5266E-03   0.6030E-03   0.6727E-03   0.7562E-03   0.8323E-03   0.9361E-03   0.1031E-02   0.1159E-02   0.1280E-02   0.1456E-02   0.1619E-02   0.1858E-02   0.2087E-02   0.2422E-02   0.2757E-02   0.3245E-02   0.3758E-02   0.4504E-02   0.5333E-02   0.6540E-02   0.7967E-02   0.1006E-01   0.1271E-01   0.1668E-01   0.2207E-01   0.3043E-01   0.4270E-01   0.6273E-01   0.9204E-01   0.1421E+00   0.2134E+00   0.3247E+00   0.6340E+00   0.7163E+00   0.7965E+00   0.7940E+00   0.7940E+00   0.7940E+00   0.7940E+00   0.7940E+00
0.2730E+03   0.1200E+02   0.3715E-03   0.4831E-03   0.5444E-03   0.6204E-03   0.6796E-03   0.7648E-03   0.8372E-03   0.9414E-03   0.1028E-02   0.1163E-02   0.1282E-02   0.1458E-02   0.1620E-02   0.1859E-02   0.2087E-02   0.2422E-02   0.2756E-02   0.3244E-02   0.3757E-02   0.4502E-02   0.5331E-02   0.6537E-02   0.7965E-02   0.1006E-01   0.1271E-01   0.1668E-01   0.2207E-01   0.3043E-01   0.4270E-01   0.6274E-01   0.9206E-01   0.1421E+00   0.2135E+00   0.3272E+00   0.6287E+00   0.7122E+00   0.7089E+00   0.7089E+00   0.7089E+00   0.7089E+00   0.7089E+00
0.2740E+03   0.1233E+02   0.3441E-03   0.4400E-03   0.5023E-03   0.5589E-03   0.6256E-03   0.6861E-03   0.7675E-03   0.8408E-03   0.9397E-03   0.1031E-02   0.1164E-02   0.1283E-02   0.1458E-02   0.1620E-02   0.1858E-02   0.2087E-02   0.2420E-02   0.2755E-02   0.3241E-02   0.3755E-02   0.4499E-02   0.5328E-02   0.6534E-02   0.7962E-02   0.1006E-01   0.1271E-01   0.1667E-01   0.2207E-01   0.3044E-01   0.4271E-01   0.6276E-01   0.9209E-01   0.1422E+00   0.2164E+00   0.3276E+00   0.6280E+00   0.6181E+00   0.6181E+00   0.6181E+00   0.6181E+00   0.6181E+00
0.2370E+03   0.1267E+02   0.3122E-03   0.4049E-03   0.4554E-03   0.5170E-03   0.5648E-03   0.6326E-03   0.6900E-03   0.7715E-03   0.8389E-03   0.9418E-03   0.1032E-02   0.1164E-02   0.1283E-02   0.1458E-02   0.1620E-02   0.1857E-02   0.2085E-02   0.2418E-02   0.2752E-02   0.3238E-02   0.3752E-02   0.4495E-02   0.5326E-02   0.6530E-02   0.7960E-02   0.1005E-01   0.1271E-01   0.1668E-01   0.2208E-01   0.3046E-01   0.4275E-01   0.6285E-01   0.9222E-01   0.1458E+00   0.2199E+00   0.3397E+00   0.3373E+00   0.3373E+00   0.3373E+00   0.3373E+00   0.3373E+00
0.1184E+04   0.1293E+02   0.2948E-03   0.3766E-03   0.4286E-03   0.4765E-03   0.5309E-03   0.5813E-03   0.6468E-03   0.7068E-03   0.7850E-03   0.8582E-03   0.9617E-03   0.1055E-02   0.1189E-02   0.1313E-02   0.1491E-02   0.1660E-02   0.1903E-02   0.2142E-02   0.2484E-02   0.2837E-02   0.3339E-02   0.3882E-02   0.4656E-02   0.5538E-02   0.6802E-02   0.8329E-02   0.1055E-01   0.1340E-01   0.1766E-01   0.2354E-01   0.3263E-01   0.4617E-01   0.6809E-01   0.1027E+00   0.1573E+00   0.2351E+00   0.2330E+00   0.2330E+00   0.2330E+00   0.2330E+00   0.2330E+00
0.1185E+04   0.1323E+02   0.2711E-03   0.3505E-03   0.3939E-03   0.4452E-03   0.4862E-03   0.5418E-03   0.5903E-03   0.6563E-03   0.7124E-03   0.7944E-03   0.8684E-03   0.9721E-03   0.1068E-02   0.1202E-02   0.1329E-02   0.1508E-02   0.1681E-02   0.1926E-02   0.2172E-02   0.2519E-02   0.2881E-02   0.3392E-02   0.3952E-02   0.4742E-02   0.5653E-02   0.6950E-02   0.8533E-02   0.1082E-01   0.1380E-01   0.1821E-01   0.2436E-01   0.3386E-01   0.4812E-01   0.7195E-01   0.1071E+00   0.1654E+00   0.1635E+00   0.1635E+00   0.1635E+00   0.1635E+00   0.1635E+00
0.1186E+04   0.1356E+02   0.2517E-03   0.3213E-03   0.3644E-03   0.4047E-03   0.4488E-03   0.4907E-03   0.5432E-03   0.5922E-03   0.6540E-03   0.7130E-03   0.7937E-03   0.8677E-03   0.9704E-03   0.1066E-02   0.1200E-02   0.1327E-02   0.1504E-02   0.1679E-02   0.1922E-02   0.2169E-02   0.2514E-02   0.2878E-02   0.3387E-02   0.3949E-02   0.4736E-02   0.5651E-02   0.6944E-02   0.8532E-02   0.1081E-01   0.1380E-01   0.1820E-01   0.2437E-01   0.3385E-01   0.4853E-01   0.7195E-01   0.1080E+00   0.1068E+00   0.1068E+00   0.1068E+00   0.1068E+00   0.1068E+00
0.1187E+04   0.1393E+02   0.2280E-03   0.2937E-03   0.3295E-03   0.3709E-03   0.4042E-03   0.4483E-03   0.4871E-03   0.5388E-03   0.5831E-03   0.6464E-03   0.7039E-03   0.7827E-03   0.8553E-03   0.9557E-03   0.1050E-02   0.1180E-02   0.1305E-02   0.1479E-02   0.1649E-02   0.1887E-02   0.2129E-02   0.2465E-02   0.2821E-02   0.3316E-02   0.3863E-02   0.4628E-02   0.5515E-02   0.6765E-02   0.8299E-02   0.1049E-01   0.1336E-01   0.1757E-01   0.2344E-01   0.3270E-01   0.4618E-01   0.6882E-01   0.6815E-01   0.6815E-01   0.6815E-01   0.6815E-01   0.6815E-01
0.1188E+04   0.1435E+02   0.2076E-03   0.2643E-03   0.2987E-03   0.3308E-03   0.3653E-03   0.3980E-03   0.4386E-03   0.4763E-03   0.5234E-03   0.5681E-03   0.6289E-03   0.6840E-03   0.7600E-03   0.8297E-03   0.9264E-03   0.1017E-02   0.1142E-02   0.1262E-02   0.1429E-02   0.1592E-02   0.1820E-02   0.2050E-02   0.2371E-02   0.2708E-02   0.3178E-02   0.3694E-02   0.4414E-02   0.5244E-02   0.6411E-02   0.7832E-02   0.9861E-02   0.1248E-01   0.1632E-01   0.2178E-01   0.2997E-01   0.4196E-01   0.4157E-01   0.4157E-01   0.4157E-01   0.4157E-01   0.4157E-01
0.1189E+04   0.1482E+02   0.1844E-03   0.2367E-03   0.2644E-03   0.2963E-03   0.3215E-03   0.3550E-03   0.3840E-03   0.4227E-03   0.4553E-03   0.5022E-03   0.5439E-03   0.6016E-03   0.6533E-03   0.7254E-03   0.7908E-03   0.8825E-03   0.9670E-03   0.1086E-02   0.1198E-02   0.1355E-02   0.1507E-02   0.1720E-02   0.1933E-02   0.2232E-02   0.2542E-02   0.2975E-02   0.3444E-02   0.4101E-02   0.4847E-02   0.5899E-02   0.7157E-02   0.8954E-02   0.1123E-01   0.1465E-01   0.1918E-01   0.2619E-01   0.2596E-01   0.2596E-01   0.2596E-01   0.2596E-01   0.2596E-01
0.1190E+04   0.1535E+02   0.1643E-03   0.2081E-03   0.2339E-03   0.2576E-03   0.2830E-03   0.3065E-03   0.3361E-03   0.3630E-03   0.3970E-03   0.4283E-03   0.4719E-03   0.5100E-03   0.5639E-03   0.6112E-03   0.6786E-03   0.7384E-03   0.8240E-03   0.9011E-03   0.1012E-02   0.1113E-02   0.1259E-02   0.1396E-02   0.1592E-02   0.1782E-02   0.2054E-02   0.2328E-02   0.2717E-02   0.3127E-02   0.3708E-02   0.4351E-02   0.5263E-02   0.6327E-02   0.7848E-02   0.9791E-02   0.1255E-01   0.1619E-01   0.1605E-01   0.1605E-01   0.1605E-01   0.1605E-01   0.1605E-01
0.1191E+04   0.1594E+02   0.1424E-03   0.1815E-03   0.2013E-03   0.2241E-03   0.2412E-03   0.2647E-03   0.2842E-03   0.3113E-03   0.3328E-03   0.3655E-03   0.3931E-03   0.4330E-03   0.4668E-03   0.5162E-03   0.5583E-03   0.6202E-03   0.6734E-03   0.7518E-03   0.8202E-03   0.9210E-03   0.1011E-02   0.1142E-02   0.1262E-02   0.1438E-02   0.1603E-02   0.1844E-02   0.2079E-02   0.2419E-02   0.2763E-02   0.3261E-02   0.3791E-02   0.4554E-02   0.5411E-02   0.6679E-02   0.8159E-02   0.1034E-01   0.1026E-01   0.1026E-01   0.1026E-01   0.1026E-01   0.1026E-01
0.1192E+04   0.1660E+02   0.1237E-03   0.1550E-03   0.1726E-03   0.1878E-03   0.2046E-03   0.2192E-03   0.2387E-03   0.2552E-03   0.2777E-03   0.2969E-03   0.3259E-03   0.3493E-03   0.3851E-03   0.4141E-03   0.4587E-03   0.4949E-03   0.5508E-03   0.5966E-03   0.6674E-03   0.7261E-03   0.8167E-03   0.8932E-03   0.1011E-02   0.1112E-02   0.1267E-02   0.1405E-02   0.1615E-02   0.1807E-02   0.2097E-02   0.2376E-02   0.2791E-02   0.3209E-02   0.3827E-02   0.4509E-02   0.5482E-02   0.6584E-02   0.6536E-02   0.6536E-02   0.6536E-02   0.6536E-02   0.6536E-02
0.1193E+04   0.1735E+02   0.1043E-03   0.1311E-03   0.1429E-03   0.1569E-03   0.1660E-03   0.1801E-03   0.1903E-03   0.2067E-03   0.2180E-03   0.2383E-03   0.2533E-03   0.2784E-03   0.2972E-03   0.3287E-03   0.3523E-03   0.3918E-03   0.4217E-03   0.4715E-03   0.5095E-03   0.5726E-03   0.6212E-03   0.7016E-03   0.7646E-03   0.8682E-03   0.9510E-03   0.1086E-02   0.1197E-02   0.1377E-02   0.1529E-02   0.1772E-02   0.1987E-02   0.2327E-02   0.2642E-02   0.3144E-02   0.3625E-02   0.4368E-02   0.4340E-02   0.4340E-02   0.4340E-02   0.4340E-02   0.4340E-02
0.1194E+04   0.1818E+02   0.8872E-04   0.1083E-03   0.1176E-03   0.1244E-03   0.1326E-03   0.1382E-03   0.1479E-03   0.1545E-03   0.1663E-03   0.1743E-03   0.1906E-03   0.2012E-03   0.2222E-03   0.2360E-03   0.2630E-03   0.2811E-03   0.3155E-03   0.3388E-03   0.3826E-03   0.4127E-03   0.4684E-03   0.5072E-03   0.5781E-03   0.6281E-03   0.7189E-03   0.7842E-03   0.9014E-03   0.9875E-03   0.1141E-02   0.1257E-02   0.1460E-02   0.1620E-02   0.1896E-02   0.2135E-02   0.2521E-02   0.2862E-02   0.2842E-02   0.2842E-02   0.2842E-02   0.2842E-02   0.2842E-02
0.1195E+04   0.1912E+02   0.7364E-04   0.8904E-04   0.9255E-04   0.9755E-04   0.9789E-04   0.1024E-03   0.1029E-03   0.1087E-03   0.1098E-03   0.1182E-03   0.1214E-03   0.1334E-03   0.1390E-03   0.1556E-03   0.1641E-03   0.1864E-03   0.1987E-03   0.2280E-03   0.2448E-03   0.2829E-03   0.3053E-03   0.3543E-03   0.3837E-03   0.4464E-03   0.4847E-03   0.5648E-03   0.6144E-03   0.7171E-03   0.7818E-03   0.9143E-03   0.9995E-03   0.1172E-02   0.1286E-02   0.1519E-02   0.1677E-02   0.1981E-02   0.1971E-02   0.1971E-02   0.1971E-02   0.1971E-02   0.1971E-02
0.1196E+04   0.2017E+02   0.6387E-04   0.7252E-04   0.7292E-04   0.7005E-04   0.6837E-04   0.6366E-04   0.6245E-04   0.5782E-04   0.5815E-04   0.5409E-04   0.5755E-04   0.5514E-04   0.6224E-04   0.6206E-04   0.7372E-04   0.7632E-04   0.9365E-04   0.9963E-04   0.1239E-03   0.1339E-03   0.1667E-03   0.1816E-03   0.2247E-03   0.2455E-03   0.3015E-03   0.3293E-03   0.4013E-03   0.4378E-03   0.5301E-03   0.5775E-03   0.6956E-03   0.7570E-03   0.9088E-03   0.9961E-03   0.1193E-02   0.1305E-02   0.1296E-02   0.1296E-02   0.1296E-02   0.1296E-02   0.1296E-02
0.1197E+04   0.2135E+02   0.5753E-04   0.6218E-04   0.5539E-04   0.4891E-04   0.3743E-04   0.2927E-04   0.1674E-04   0.8885E-05   -.3578E-05   -.9590E-05   -.2099E-04   -.2417E-04   -.3392E-04   -.3332E-04   -.4088E-04   -.3554E-04   -.4038E-04   -.2922E-04   -.3083E-04   -.1258E-04   -.1037E-04   0.1646E-04   0.2312E-04   0.6040E-04   0.7223E-04   0.1223E-03   0.1401E-03   0.2059E-03   0.2308E-03   0.3161E-03   0.3494E-03   0.4592E-03   0.5027E-03   0.6455E-03   0.7025E-03   0.8788E-03   0.8738E-03   0.8738E-03   0.8738E-03   0.8738E-03   0.8738E-03
0.1183E+04   0.2267E+02   0.6158E-04   0.5922E-04   0.4626E-04   0.2825E-04   0.1023E-04   -.1166E-04   -.3102E-04   -.5422E-04   -.7276E-04   -.9644E-04   -.1130E-03   -.1357E-03   -.1494E-03   -.1706E-03   -.1804E-03   -.1995E-03   -.2045E-03   -.2211E-03   -.2202E-03   -.2338E-03   -.2258E-03   -.2360E-03   -.2193E-03   -.2257E-03   -.1985E-03   -.2004E-03   -.1604E-03   -.1572E-03   -.1014E-03   -.9236E-04   -.1698E-04   -.1223E-05   0.9870E-04   0.1282E-03   0.2587E-03   0.2983E-03   0.2912E-03   0.2912E-03   0.2912E-03   0.2912E-03   0.2912E-03
