0.2350E+03   0.0000E+00   -.1989E+00   -.1579E+00   -.1207E+00   -.1565E+00   -.1316E+00   -.1451E+00   -.1373E+00   -.1446E+00   -.1412E+00   -.1451E+00   -.1437E+00   -.1462E+00   -.1452E+00   -.1469E+00   -.1463E+00   -.1475E+00   -.1470E+00   -.1478E+00   -.1475E+00   -.1481E+00   -.1479E+00   -.1483E+00   -.1481E+00   -.1485E+00   -.1483E+00   -.1486E+00   -.1485E+00   -.1487E+00   -.1486E+00   -.1488E+00   -.1487E+00   -.1488E+00   -.1488E+00   -.1490E+00   -.1489E+00   -.1490E+00   -.1489E+00   -.1489E+00   -.1489E+00   -.1489E+00   -.1489E+00
0.2380E+03   0.3333E+00   -.8427E-01   -.7409E-01   -.1414E+00   -.1149E+00   -.1369E+00   -.1281E+00   -.1375E+00   -.1347E+00   -.1401E+00   -.1386E+00   -.1423E+00   -.1414E+00   -.1438E+00   -.1432E+00   -.1448E+00   -.1443E+00   -.1455E+00   -.1452E+00   -.1460E+00   -.1457E+00   -.1463E+00   -.1462E+00   -.1466E+00   -.1465E+00   -.1468E+00   -.1467E+00   -.1470E+00   -.1469E+00   -.1471E+00   -.1471E+00   -.1472E+00   -.1472E+00   -.1473E+00   -.1474E+00   -.1475E+00   -.1475E+00   -.1474E+00   -.1474E+00   -.1474E+00   -.1474E+00   -.1474E+00
0.2390E+03   0.6667E+00   -.4115E+00   -.7267E-01   -.2693E-01   -.1357E+00   -.1106E+00   -.1316E+00   -.1228E+00   -.1336E+00   -.1306E+00   -.1363E+00   -.1351E+00   -.1387E+00   -.1380E+00   -.1404E+00   -.1399E+00   -.1415E+00   -.1412E+00   -.1423E+00   -.1421E+00   -.1429E+00   -.1427E+00   -.1433E+00   -.1432E+00   -.1436E+00   -.1436E+00   -.1439E+00   -.1439E+00   -.1441E+00   -.1441E+00   -.1443E+00   -.1443E+00   -.1444E+00   -.1444E+00   -.1446E+00   -.1446E+00   -.1447E+00   -.1447E+00   -.1446E+00   -.1446E+00   -.1446E+00   -.1446E+00
0.2400E+03   0.1000E+01   -.2680E+01   -.2558E-01   -.1352E+00   -.5585E-01   -.1383E+00   -.1233E+00   -.1373E+00   -.1315E+00   -.1395E+00   -.1367E+00   -.1415E+00   -.1400E+00   -.1430E+00   -.1421E+00   -.1441E+00   -.1435E+00   -.1448E+00   -.1444E+00   -.1454E+00   -.1451E+00   -.1457E+00   -.1456E+00   -.1460E+00   -.1459E+00   -.1463E+00   -.1462E+00   -.1465E+00   -.1464E+00   -.1466E+00   -.1466E+00   -.1467E+00   -.1467E+00   -.1468E+00   -.1469E+00   -.1470E+00   -.1470E+00   -.1469E+00   -.1469E+00   -.1469E+00   -.1469E+00   -.1469E+00
0.2410E+03   0.1333E+01   -.3668E+01   -.2153E+01   -.6853E-01   -.1277E+00   -.7267E-01   -.1389E+00   -.1236E+00   -.1381E+00   -.1323E+00   -.1398E+00   -.1371E+00   -.1416E+00   -.1401E+00   -.1430E+00   -.1421E+00   -.1440E+00   -.1434E+00   -.1447E+00   -.1443E+00   -.1452E+00   -.1449E+00   -.1456E+00   -.1454E+00   -.1459E+00   -.1457E+00   -.1461E+00   -.1460E+00   -.1463E+00   -.1462E+00   -.1464E+00   -.1464E+00   -.1465E+00   -.1465E+00   -.1467E+00   -.1467E+00   -.1468E+00   -.1467E+00   -.1467E+00   -.1467E+00   -.1467E+00   -.1467E+00
0.2420E+03   0.1667E+01   -.3839E+01   -.3706E+01   -.2209E+01   -.5936E-01   -.1199E+00   -.8117E-01   -.1345E+00   -.1233E+00   -.1367E+00   -.1317E+00   -.1390E+00   -.1364E+00   -.1408E+00   -.1394E+00   -.1422E+00   -.1414E+00   -.1432E+00   -.1427E+00   -.1439E+00   -.1436E+00   -.1444E+00   -.1442E+00   -.1448E+00   -.1446E+00   -.1451E+00   -.1450E+00   -.1453E+00   -.1452E+00   -.1455E+00   -.1455E+00   -.1456E+00   -.1456E+00   -.1458E+00   -.1458E+00   -.1459E+00   -.1459E+00   -.1459E+00   -.1459E+00   -.1459E+00   -.1459E+00   -.1458E+00
0.2430E+03   0.2000E+01   -.4024E+01   -.3941E+01   -.3766E+01   -.2193E+01   -.1568E+00   -.1129E+00   -.8378E-01   -.1352E+00   -.1246E+00   -.1372E+00   -.1321E+00   -.1392E+00   -.1367E+00   -.1409E+00   -.1396E+00   -.1423E+00   -.1414E+00   -.1432E+00   -.1427E+00   -.1439E+00   -.1436E+00   -.1444E+00   -.1442E+00   -.1448E+00   -.1446E+00   -.1451E+00   -.1450E+00   -.1453E+00   -.1452E+00   -.1455E+00   -.1454E+00   -.1456E+00   -.1456E+00   -.1458E+00   -.1458E+00   -.1459E+00   -.1458E+00   -.1458E+00   -.1458E+00   -.1458E+00   -.1458E+00
0.2440E+03   0.2333E+01   -.4074E+01   -.4063E+01   -.4005E+01   -.3775E+01   -.2244E+01   -.1501E+00   -.1179E+00   -.8807E-01   -.1366E+00   -.1253E+00   -.1378E+00   -.1328E+00   -.1397E+00   -.1372E+00   -.1413E+00   -.1399E+00   -.1426E+00   -.1417E+00   -.1435E+00   -.1429E+00   -.1441E+00   -.1438E+00   -.1446E+00   -.1444E+00   -.1449E+00   -.1448E+00   -.1452E+00   -.1451E+00   -.1454E+00   -.1454E+00   -.1456E+00   -.1455E+00   -.1457E+00   -.1458E+00   -.1459E+00   -.1459E+00   -.1458E+00   -.1458E+00   -.1458E+00   -.1458E+00   -.1458E+00
0.2450E+03   0.2667E+01   -.4091E+01   -.4115E+01   -.4117E+01   -.4036E+01   -.3795E+01   -.2240E+01   -.1758E+00   -.1154E+00   -.8909E-01   -.1362E+00   -.1249E+00   -.1374E+00   -.1324E+00   -.1393E+00   -.1368E+00   -.1409E+00   -.1396E+00   -.1422E+00   -.1414E+00   -.1431E+00   -.1426E+00   -.1438E+00   -.1434E+00   -.1442E+00   -.1440E+00   -.1446E+00   -.1445E+00   -.1449E+00   -.1448E+00   -.1451E+00   -.1450E+00   -.1453E+00   -.1452E+00   -.1455E+00   -.1454E+00   -.1456E+00   -.1455E+00   -.1455E+00   -.1455E+00   -.1455E+00   -.1455E+00
0.2460E+03   0.3000E+01   -.4087E+01   -.4130E+01   -.4154E+01   -.4152E+01   -.4060E+01   -.3802E+01   -.2245E+01   -.1744E+00   -.1281E+00   -.9360E-01   -.1370E+00   -.1259E+00   -.1383E+00   -.1332E+00   -.1400E+00   -.1374E+00   -.1415E+00   -.1401E+00   -.1427E+00   -.1419E+00   -.1435E+00   -.1430E+00   -.1442E+00   -.1438E+00   -.1446E+00   -.1444E+00   -.1450E+00   -.1448E+00   -.1452E+00   -.1451E+00   -.1454E+00   -.1454E+00   -.1456E+00   -.1456E+00   -.1458E+00   -.1458E+00   -.1457E+00   -.1457E+00   -.1457E+00   -.1457E+00   -.1457E+00
0.2470E+03   0.3333E+01   -.4078E+01   -.4122E+01   -.4160E+01   -.4183E+01   -.4180E+01   -.4077E+01   -.3808E+01   -.2244E+01   -.2108E+00   -.1244E+00   -.9305E-01   -.1369E+00   -.1258E+00   -.1383E+00   -.1332E+00   -.1400E+00   -.1374E+00   -.1414E+00   -.1401E+00   -.1426E+00   -.1418E+00   -.1435E+00   -.1430E+00   -.1441E+00   -.1438E+00   -.1445E+00   -.1443E+00   -.1449E+00   -.1447E+00   -.1451E+00   -.1450E+00   -.1453E+00   -.1453E+00   -.1456E+00   -.1455E+00   -.1457E+00   -.1456E+00   -.1456E+00   -.1456E+00   -.1456E+00   -.1456E+00
0.2480E+03   0.3667E+01   -.4065E+01   -.4107E+01   -.4144E+01   -.4185E+01   -.4204E+01   -.4200E+01   -.4092E+01   -.3814E+01   -.2292E+01   -.2061E+00   -.1246E+00   -.9341E-01   -.1371E+00   -.1262E+00   -.1385E+00   -.1334E+00   -.1401E+00   -.1375E+00   -.1415E+00   -.1402E+00   -.1427E+00   -.1419E+00   -.1435E+00   -.1430E+00   -.1441E+00   -.1438E+00   -.1446E+00   -.1443E+00   -.1449E+00   -.1448E+00   -.1452E+00   -.1451E+00   -.1453E+00   -.1454E+00   -.1456E+00   -.1455E+00   -.1455E+00   -.1455E+00   -.1455E+00   -.1455E+00   -.1455E+00
0.2490E+03   0.4000E+01   -.4056E+01   -.4090E+01   -.4125E+01   -.4164E+01   -.4202E+01   -.4221E+01   -.4215E+01   -.4103E+01   -.3840E+01   -.2286E+01   -.2058E+00   -.1240E+00   -.9284E-01   -.1368E+00   -.1258E+00   -.1382E+00   -.1331E+00   -.1398E+00   -.1373E+00   -.1413E+00   -.1399E+00   -.1424E+00   -.1417E+00   -.1433E+00   -.1428E+00   -.1439E+00   -.1436E+00   -.1444E+00   -.1442E+00   -.1447E+00   -.1446E+00   -.1450E+00   -.1449E+00   -.1453E+00   -.1452E+00   -.1454E+00   -.1453E+00   -.1453E+00   -.1453E+00   -.1453E+00   -.1453E+00
0.2500E+03   0.4333E+01   -.4046E+01   -.4075E+01   -.4103E+01   -.4141E+01   -.4178E+01   -.4217E+01   -.4234E+01   -.4228E+01   -.4120E+01   -.3840E+01   -.2288E+01   -.2060E+00   -.1243E+00   -.9325E-01   -.1370E+00   -.1261E+00   -.1385E+00   -.1334E+00   -.1400E+00   -.1375E+00   -.1415E+00   -.1401E+00   -.1426E+00   -.1418E+00   -.1434E+00   -.1429E+00   -.1440E+00   -.1437E+00   -.1445E+00   -.1443E+00   -.1448E+00   -.1447E+00   -.1451E+00   -.1451E+00   -.1454E+00   -.1453E+00   -.1453E+00   -.1452E+00   -.1452E+00   -.1452E+00   -.1452E+00
0.2510E+03   0.4667E+01   -.4040E+01   -.4063E+01   -.4088E+01   -.4116E+01   -.4153E+01   -.4190E+01   -.4229E+01   -.4246E+01   -.4242E+01   -.4125E+01   -.3843E+01   -.2287E+01   -.2057E+00   -.1241E+00   -.9306E-01   -.1369E+00   -.1260E+00   -.1383E+00   -.1332E+00   -.1399E+00   -.1374E+00   -.1413E+00   -.1400E+00   -.1425E+00   -.1417E+00   -.1433E+00   -.1428E+00   -.1439E+00   -.1436E+00   -.1444E+00   -.1442E+00   -.1447E+00   -.1446E+00   -.1451E+00   -.1450E+00   -.1453E+00   -.1452E+00   -.1451E+00   -.1451E+00   -.1451E+00   -.1451E+00
0.2520E+03   0.5000E+01   -.4033E+01   -.4053E+01   -.4072E+01   -.4099E+01   -.4126E+01   -.4163E+01   -.4200E+01   -.4238E+01   -.4254E+01   -.4249E+01   -.4132E+01   -.3845E+01   -.2288E+01   -.2057E+00   -.1241E+00   -.9313E-01   -.1369E+00   -.1261E+00   -.1384E+00   -.1333E+00   -.1399E+00   -.1374E+00   -.1414E+00   -.1400E+00   -.1425E+00   -.1417E+00   -.1433E+00   -.1428E+00   -.1440E+00   -.1436E+00   -.1444E+00   -.1442E+00   -.1447E+00   -.1447E+00   -.1451E+00   -.1450E+00   -.1449E+00   -.1449E+00   -.1449E+00   -.1449E+00   -.1449E+00
0.2530E+03   0.5333E+01   -.4029E+01   -.4045E+01   -.4062E+01   -.4081E+01   -.4107E+01   -.4134E+01   -.4171E+01   -.4208E+01   -.4245E+01   -.4262E+01   -.4256E+01   -.4137E+01   -.3847E+01   -.2287E+01   -.2055E+00   -.1241E+00   -.9310E-01   -.1369E+00   -.1261E+00   -.1384E+00   -.1333E+00   -.1399E+00   -.1374E+00   -.1413E+00   -.1400E+00   -.1425E+00   -.1417E+00   -.1433E+00   -.1428E+00   -.1439E+00   -.1436E+00   -.1444E+00   -.1441E+00   -.1449E+00   -.1446E+00   -.1450E+00   -.1449E+00   -.1449E+00   -.1449E+00   -.1449E+00   -.1449E+00
0.2540E+03   0.5667E+01   -.4024E+01   -.4038E+01   -.4051E+01   -.4070E+01   -.4088E+01   -.4114E+01   -.4141E+01   -.4178E+01   -.4213E+01   -.4252E+01   -.4268E+01   -.4262E+01   -.4141E+01   -.3848E+01   -.2288E+01   -.2055E+00   -.1241E+00   -.9313E-01   -.1369E+00   -.1261E+00   -.1384E+00   -.1333E+00   -.1399E+00   -.1374E+00   -.1413E+00   -.1400E+00   -.1425E+00   -.1417E+00   -.1433E+00   -.1428E+00   -.1439E+00   -.1436E+00   -.1444E+00   -.1443E+00   -.1448E+00   -.1447E+00   -.1447E+00   -.1447E+00   -.1447E+00   -.1447E+00   -.1447E+00
0.2550E+03   0.6000E+01   -.4021E+01   -.4032E+01   -.4045E+01   -.4058E+01   -.4075E+01   -.4094E+01   -.4120E+01   -.4147E+01   -.4182E+01   -.4219E+01   -.4257E+01   -.4273E+01   -.4266E+01   -.4144E+01   -.3849E+01   -.2288E+01   -.2055E+00   -.1241E+00   -.9312E-01   -.1369E+00   -.1261E+00   -.1384E+00   -.1333E+00   -.1399E+00   -.1374E+00   -.1413E+00   -.1400E+00   -.1425E+00   -.1417E+00   -.1433E+00   -.1428E+00   -.1439E+00   -.1436E+00   -.1446E+00   -.1442E+00   -.1448E+00   -.1447E+00   -.1447E+00   -.1447E+00   -.1447E+00   -.1447E+00
0.2560E+03   0.6333E+01   -.4018E+01   -.4028E+01   -.4038E+01   -.4050E+01   -.4063E+01   -.4081E+01   -.4099E+01   -.4125E+01   -.4151E+01   -.4187E+01   -.4224E+01   -.4262E+01   -.4278E+01   -.4270E+01   -.4147E+01   -.3850E+01   -.2288E+01   -.2054E+00   -.1240E+00   -.9313E-01   -.1369E+00   -.1261E+00   -.1384E+00   -.1333E+00   -.1399E+00   -.1374E+00   -.1413E+00   -.1400E+00   -.1425E+00   -.1417E+00   -.1433E+00   -.1428E+00   -.1439E+00   -.1437E+00   -.1445E+00   -.1443E+00   -.1443E+00   -.1443E+00   -.1443E+00   -.1443E+00   -.1443E+00
0.2570E+03   0.6667E+01   -.4016E+01   -.4024E+01   -.4033E+01   -.4043E+01   -.4055E+01   -.4068E+01   -.4085E+01   -.4104E+01   -.4128E+01   -.4155E+01   -.4191E+01   -.4228E+01   -.4266E+01   -.4281E+01   -.4274E+01   -.4149E+01   -.3851E+01   -.2288E+01   -.2054E+00   -.1240E+00   -.9312E-01   -.1368E+00   -.1261E+00   -.1384E+00   -.1333E+00   -.1399E+00   -.1374E+00   -.1413E+00   -.1400E+00   -.1424E+00   -.1416E+00   -.1433E+00   -.1428E+00   -.1442E+00   -.1437E+00   -.1445E+00   -.1444E+00   -.1444E+00   -.1444E+00   -.1444E+00   -.1444E+00
0.2580E+03   0.7000E+01   -.4014E+01   -.4022E+01   -.4028E+01   -.4038E+01   -.4047E+01   -.4059E+01   -.4072E+01   -.4089E+01   -.4107E+01   -.4132E+01   -.4159E+01   -.4195E+01   -.4231E+01   -.4269E+01   -.4285E+01   -.4277E+01   -.4152E+01   -.3852E+01   -.2288E+01   -.2054E+00   -.1240E+00   -.9313E-01   -.1368E+00   -.1261E+00   -.1384E+00   -.1333E+00   -.1399E+00   -.1374E+00   -.1413E+00   -.1400E+00   -.1424E+00   -.1416E+00   -.1433E+00   -.1430E+00   -.1441E+00   -.1438E+00   -.1439E+00   -.1439E+00   -.1439E+00   -.1439E+00   -.1439E+00
0.2590E+03   0.7333E+01   -.4012E+01   -.4019E+01   -.4025E+01   -.4032E+01   -.4041E+01   -.4050E+01   -.4063E+01   -.4075E+01   -.4092E+01   -.4110E+01   -.4135E+01   -.4162E+01   -.4198E+01   -.4234E+01   -.4272E+01   -.4287E+01   -.4279E+01   -.4153E+01   -.3852E+01   -.2288E+01   -.2053E+00   -.1240E+00   -.9312E-01   -.1368E+00   -.1261E+00   -.1384E+00   -.1333E+00   -.1399E+00   -.1374E+00   -.1413E+00   -.1400E+00   -.1424E+00   -.1416E+00   -.1436E+00   -.1429E+00   -.1441E+00   -.1440E+00   -.1440E+00   -.1440E+00   -.1440E+00   -.1440E+00
0.2600E+03   0.7667E+01   -.4011E+01   -.4017E+01   -.4022E+01   -.4029E+01   -.4036E+01   -.4045E+01   -.4054E+01   -.4066E+01   -.4078E+01   -.4095E+01   -.4113E+01   -.4138E+01   -.4165E+01   -.4200E+01   -.4237E+01   -.4275E+01   -.4290E+01   -.4281E+01   -.4155E+01   -.3853E+01   -.2288E+01   -.2053E+00   -.1240E+00   -.9312E-01   -.1368E+00   -.1261E+00   -.1384E+00   -.1333E+00   -.1399E+00   -.1374E+00   -.1413E+00   -.1400E+00   -.1424E+00   -.1419E+00   -.1436E+00   -.1431E+00   -.1434E+00   -.1434E+00   -.1434E+00   -.1434E+00   -.1434E+00
0.2610E+03   0.8000E+01   -.4010E+01   -.4015E+01   -.4020E+01   -.4025E+01   -.4032E+01   -.4038E+01   -.4047E+01   -.4056E+01   -.4068E+01   -.4080E+01   -.4098E+01   -.4115E+01   -.4140E+01   -.4167E+01   -.4203E+01   -.4239E+01   -.4277E+01   -.4292E+01   -.4283E+01   -.4156E+01   -.3853E+01   -.2288E+01   -.2053E+00   -.1240E+00   -.9312E-01   -.1368E+00   -.1261E+00   -.1384E+00   -.1333E+00   -.1399E+00   -.1374E+00   -.1413E+00   -.1399E+00   -.1429E+00   -.1419E+00   -.1435E+00   -.1436E+00   -.1436E+00   -.1436E+00   -.1436E+00   -.1436E+00
0.2620E+03   0.8333E+01   -.4009E+01   -.4013E+01   -.4017E+01   -.4023E+01   -.4028E+01   -.4035E+01   -.4041E+01   -.4050E+01   -.4058E+01   -.4070E+01   -.4083E+01   -.4100E+01   -.4117E+01   -.4142E+01   -.4169E+01   -.4204E+01   -.4241E+01   -.4279E+01   -.4293E+01   -.4285E+01   -.4157E+01   -.3853E+01   -.2288E+01   -.2053E+00   -.1240E+00   -.9311E-01   -.1368E+00   -.1261E+00   -.1384E+00   -.1333E+00   -.1399E+00   -.1374E+00   -.1413E+00   -.1402E+00   -.1428E+00   -.1420E+00   -.1427E+00   -.1427E+00   -.1427E+00   -.1427E+00   -.1427E+00
0.2630E+03   0.8667E+01   -.4008E+01   -.4012E+01   -.4016E+01   -.4020E+01   -.4025E+01   -.4030E+01   -.4037E+01   -.4043E+01   -.4052E+01   -.4061E+01   -.4073E+01   -.4085E+01   -.4102E+01   -.4119E+01   -.4144E+01   -.4170E+01   -.4206E+01   -.4242E+01   -.4280E+01   -.4295E+01   -.4286E+01   -.4158E+01   -.3854E+01   -.2288E+01   -.2052E+00   -.1240E+00   -.9311E-01   -.1368E+00   -.1261E+00   -.1384E+00   -.1333E+00   -.1399E+00   -.1374E+00   -.1418E+00   -.1402E+00   -.1428E+00   -.1432E+00   -.1432E+00   -.1432E+00   -.1432E+00   -.1432E+00
0.2640E+03   0.9000E+01   -.4007E+01   -.4011E+01   -.4014E+01   -.4018E+01   -.4022E+01   -.4027E+01   -.4032E+01   -.4039E+01   -.4045E+01   -.4054E+01   -.4062E+01   -.4074E+01   -.4086E+01   -.4103E+01   -.4121E+01   -.4145E+01   -.4172E+01   -.4207E+01   -.4244E+01   -.4281E+01   -.4296E+01   -.4287E+01   -.4159E+01   -.3854E+01   -.2288E+01   -.2052E+00   -.1239E+00   -.9310E-01   -.1368E+00   -.1261E+00   -.1384E+00   -.1333E+00   -.1399E+00   -.1375E+00   -.1418E+00   -.1405E+00   -.1418E+00   -.1418E+00   -.1418E+00   -.1418E+00   -.1418E+00
0.2650E+03   0.9333E+01   -.4007E+01   -.4010E+01   -.4013E+01   -.4016E+01   -.4020E+01   -.4024E+01   -.4029E+01   -.4034E+01   -.4041E+01   -.4047E+01   -.4056E+01   -.4064E+01   -.4076E+01   -.4088E+01   -.4105E+01   -.4122E+01   -.4147E+01   -.4173E+01   -.4209E+01   -.4245E+01   -.4283E+01   -.4297E+01   -.4288E+01   -.4160E+01   -.3854E+01   -.2288E+01   -.2052E+00   -.1239E+00   -.9310E-01   -.1368E+00   -.1261E+00   -.1384E+00   -.1333E+00   -.1404E+00   -.1376E+00   -.1417E+00   -.1427E+00   -.1427E+00   -.1427E+00   -.1427E+00   -.1427E+00
0.2660E+03   0.9667E+01   -.4006E+01   -.4009E+01   -.4012E+01   -.4015E+01   -.4018E+01   -.4022E+01   -.4026E+01   -.4031E+01   -.4036E+01   -.4042E+01   -.4048E+01   -.4057E+01   -.4065E+01   -.4077E+01   -.4089E+01   -.4106E+01   -.4123E+01   -.4148E+01   -.4174E+01   -.4210E+01   -.4246E+01   -.4284E+01   -.4298E+01   -.4289E+01   -.4161E+01   -.3854E+01   -.2288E+01   -.2052E+00   -.1239E+00   -.9309E-01   -.1368E+00   -.1261E+00   -.1384E+00   -.1332E+00   -.1404E+00   -.1380E+00   -.1405E+00   -.1405E+00   -.1405E+00   -.1405E+00   -.1405E+00
0.2670E+03   0.1000E+02   -.4005E+01   -.4008E+01   -.4011E+01   -.4013E+01   -.4017E+01   -.4020E+01   -.4024E+01   -.4028E+01   -.4032E+01   -.4037E+01   -.4044E+01   -.4050E+01   -.4058E+01   -.4067E+01   -.4078E+01   -.4090E+01   -.4107E+01   -.4124E+01   -.4149E+01   -.4175E+01   -.4211E+01   -.4247E+01   -.4285E+01   -.4299E+01   -.4290E+01   -.4161E+01   -.3855E+01   -.2288E+01   -.2052E+00   -.1239E+00   -.9308E-01   -.1368E+00   -.1261E+00   -.1387E+00   -.1333E+00   -.1402E+00   -.1424E+00   -.1424E+00   -.1424E+00   -.1424E+00   -.1424E+00
0.2680E+03   0.1033E+02   -.4005E+01   -.4007E+01   -.4010E+01   -.4012E+01   -.4015E+01   -.4018E+01   -.4021E+01   -.4025E+01   -.4029E+01   -.4034E+01   -.4038E+01   -.4045E+01   -.4051E+01   -.4059E+01   -.4068E+01   -.4079E+01   -.4091E+01   -.4108E+01   -.4125E+01   -.4150E+01   -.4176E+01   -.4211E+01   -.4248E+01   -.4285E+01   -.4300E+01   -.4290E+01   -.4162E+01   -.3855E+01   -.2288E+01   -.2052E+00   -.1239E+00   -.9307E-01   -.1368E+00   -.1252E+00   -.1387E+00   -.1340E+00   -.1387E+00   -.1387E+00   -.1387E+00   -.1387E+00   -.1387E+00
0.2690E+03   0.1067E+02   -.4005E+01   -.4007E+01   -.4009E+01   -.4011E+01   -.4014E+01   -.4016E+01   -.4020E+01   -.4023E+01   -.4026E+01   -.4030E+01   -.4035E+01   -.4040E+01   -.4046E+01   -.4052E+01   -.4060E+01   -.4069E+01   -.4080E+01   -.4092E+01   -.4109E+01   -.4126E+01   -.4150E+01   -.4177E+01   -.4212E+01   -.4248E+01   -.4286E+01   -.4300E+01   -.4291E+01   -.4162E+01   -.3855E+01   -.2288E+01   -.2052E+00   -.1239E+00   -.9307E-01   -.1361E+00   -.1255E+00   -.1382E+00   -.1426E+00   -.1426E+00   -.1426E+00   -.1426E+00   -.1426E+00
0.2700E+03   0.1100E+02   -.4004E+01   -.4006E+01   -.4008E+01   -.4010E+01   -.4012E+01   -.4015E+01   -.4018E+01   -.4021E+01   -.4024E+01   -.4028E+01   -.4031E+01   -.4036E+01   -.4041E+01   -.4047E+01   -.4053E+01   -.4061E+01   -.4069E+01   -.4081E+01   -.4093E+01   -.4109E+01   -.4127E+01   -.4151E+01   -.4177E+01   -.4213E+01   -.4249E+01   -.4287E+01   -.4301E+01   -.4291E+01   -.4162E+01   -.3855E+01   -.2288E+01   -.2051E+00   -.1239E+00   -.9106E-01   -.1360E+00   -.1266E+00   -.1354E+00   -.1354E+00   -.1354E+00   -.1354E+00   -.1354E+00
0.2710E+03   0.1133E+02   -.4004E+01   -.4006E+01   -.4008E+01   -.4009E+01   -.4012E+01   -.4014E+01   -.4016E+01   -.4019E+01   -.4022E+01   -.4025E+01   -.4029E+01   -.4032E+01   -.4037E+01   -.4041E+01   -.4048E+01   -.4054E+01   -.4062E+01   -.4070E+01   -.4082E+01   -.4093E+01   -.4110E+01   -.4127E+01   -.4152E+01   -.4178E+01   -.4213E+01   -.4249E+01   -.4287E+01   -.4301E+01   -.4292E+01   -.4163E+01   -.3855E+01   -.2288E+01   -.2051E+00   -.1116E+00   -.8671E-01   -.1345E+00   -.1435E+00   -.1435E+00   -.1435E+00   -.1435E+00   -.1435E+00
0.2720E+03   0.1167E+02   -.4004E+01   -.4005E+01   -.4007E+01   -.4009E+01   -.4010E+01   -.4013E+01   -.4015E+01   -.4017E+01   -.4020E+01   -.4023E+01   -.4026E+01   -.4029E+01   -.4033E+01   -.4038E+01   -.4042E+01   -.4048E+01   -.4054E+01   -.4063E+01   -.4071E+01   -.4082E+01   -.4094E+01   -.4110E+01   -.4128E+01   -.4152E+01   -.4178E+01   -.4214E+01   -.4250E+01   -.4287E+01   -.4302E+01   -.4292E+01   -.4163E+01   -.3855E+01   -.2288E+01   -.1676E+00   -.1153E+00   -.9030E-01   -.1068E+00   -.1068E+00   -.1068E+00   -.1068E+00   -.1068E+00
0.2730E+03   0.1200E+02   -.4003E+01   -.4005E+01   -.4006E+01   -.4008E+01   -.4010E+01   -.4012E+01   -.4014E+01   -.4016E+01   -.4018E+01   -.4021E+01   -.4024E+01   -.4026E+01   -.4030E+01   -.4034E+01   -.4038E+01   -.4043E+01   -.4049E+01   -.4055E+01   -.4063E+01   -.4071E+01   -.4083E+01   -.4094E+01   -.4111E+01   -.4128E+01   -.4152E+01   -.4179E+01   -.4214E+01   -.4250E+01   -.4288E+01   -.4302E+01   -.4293E+01   -.4163E+01   -.3855E+01   -.2244E+01   -.1733E+00   -.1156E+00   -.1521E+00   -.1521E+00   -.1521E+00   -.1521E+00   -.1521E+00
0.2740E+03   0.1233E+02   -.4003E+01   -.4005E+01   -.4006E+01   -.4008E+01   -.4009E+01   -.4011E+01   -.4012E+01   -.4015E+01   -.4016E+01   -.4019E+01   -.4021E+01   -.4024E+01   -.4027E+01   -.4031E+01   -.4034E+01   -.4039E+01   -.4043E+01   -.4049E+01   -.4055E+01   -.4064E+01   -.4072E+01   -.4083E+01   -.4095E+01   -.4111E+01   -.4128E+01   -.4153E+01   -.4179E+01   -.4214E+01   -.4250E+01   -.4288E+01   -.4302E+01   -.4293E+01   -.4162E+01   -.3822E+01   -.2247E+01   -.1751E+00   -.3271E+00   -.3271E+00   -.3271E+00   -.3271E+00   -.3271E+00
0.2370E+03   0.1267E+02   -.4002E+01   -.4005E+01   -.4004E+01   -.4008E+01   -.4007E+01   -.4012E+01   -.4010E+01   -.4015E+01   -.4013E+01   -.4020E+01   -.4016E+01   -.4026E+01   -.4021E+01   -.4032E+01   -.4026E+01   -.4040E+01   -.4032E+01   -.4051E+01   -.4041E+01   -.4065E+01   -.4052E+01   -.4083E+01   -.4069E+01   -.4110E+01   -.4092E+01   -.4148E+01   -.4128E+01   -.4204E+01   -.4182E+01   -.4284E+01   -.4249E+01   -.4350E+01   -.4244E+01   -.4206E+01   -.3654E+01   -.2670E+01   -.2735E+01   -.2735E+01   -.2735E+01   -.2735E+01   -.2735E+01
0.1184E+04   0.1293E+02   -.4003E+01   -.4004E+01   -.4005E+01   -.4007E+01   -.4008E+01   -.4009E+01   -.4011E+01   -.4013E+01   -.4014E+01   -.4016E+01   -.4018E+01   -.4021E+01   -.4023E+01   -.4026E+01   -.4029E+01   -.4032E+01   -.4036E+01   -.4041E+01   -.4045E+01   -.4051E+01   -.4057E+01   -.4066E+01   -.4074E+01   -.4086E+01   -.4098E+01   -.4115E+01   -.4134E+01   -.4159E+01   -.4187E+01   -.4224E+01   -.4264E+01   -.4301E+01   -.4315E+01   -.4280E+01   -.4146E+01   -.3595E+01   -.3632E+01   -.3632E+01   -.3632E+01   -.3632E+01   -.3632E+01
0.1185E+04   0.1323E+02   -.4003E+01   -.4004E+01   -.4005E+01   -.4006E+01   -.4007E+01   -.4009E+01   -.4010E+01   -.4012E+01   -.4013E+01   -.4015E+01   -.4017E+01   -.4019E+01   -.4021E+01   -.4024E+01   -.4027E+01   -.4029E+01   -.4033E+01   -.4037E+01   -.4041E+01   -.4046E+01   -.4052E+01   -.4059E+01   -.4067E+01   -.4076E+01   -.4087E+01   -.4100E+01   -.4117E+01   -.4136E+01   -.4162E+01   -.4191E+01   -.4229E+01   -.4268E+01   -.4305E+01   -.4320E+01   -.4281E+01   -.4110E+01   -.4122E+01   -.4122E+01   -.4122E+01   -.4122E+01   -.4122E+01
0.1186E+04   0.1356E+02   -.4002E+01   -.4004E+01   -.4005E+01   -.4006E+01   -.4007E+01   -.4008E+01   -.4009E+01   -.4011E+01   -.4012E+01   -.4014E+01   -.4016E+01   -.4018E+01   -.4019E+01   -.4022E+01   -.4024E+01   -.4027E+01   -.4030E+01   -.4033E+01   -.4037E+01   -.4042E+01   -.4046E+01   -.4053E+01   -.4059E+01   -.4067E+01   -.4076E+01   -.4088E+01   -.4100E+01   -.4118E+01   -.4137E+01   -.4163E+01   -.4192E+01   -.4229E+01   -.4269E+01   -.4312E+01   -.4317E+01   -.4263E+01   -.4267E+01   -.4267E+01   -.4267E+01   -.4267E+01   -.4267E+01
0.1187E+04   0.1393E+02   -.4002E+01   -.4003E+01   -.4004E+01   -.4005E+01   -.4006E+01   -.4007E+01   -.4009E+01   -.4010E+01   -.4011E+01   -.4013E+01   -.4014E+01   -.4016E+01   -.4018E+01   -.4020E+01   -.4022E+01   -.4024E+01   -.4027E+01   -.4030E+01   -.4033E+01   -.4037E+01   -.4041E+01   -.4046E+01   -.4052E+01   -.4058E+01   -.4066E+01   -.4075E+01   -.4086E+01   -.4099E+01   -.4116E+01   -.4135E+01   -.4160E+01   -.4189E+01   -.4226E+01   -.4268E+01   -.4309E+01   -.4317E+01   -.4316E+01   -.4316E+01   -.4316E+01   -.4316E+01   -.4316E+01
0.1188E+04   0.1435E+02   -.4002E+01   -.4003E+01   -.4004E+01   -.4005E+01   -.4006E+01   -.4007E+01   -.4008E+01   -.4009E+01   -.4010E+01   -.4011E+01   -.4013E+01   -.4014E+01   -.4016E+01   -.4018E+01   -.4020E+01   -.4022E+01   -.4024E+01   -.4027E+01   -.4029E+01   -.4033E+01   -.4036E+01   -.4040E+01   -.4045E+01   -.4051E+01   -.4057E+01   -.4064E+01   -.4073E+01   -.4084E+01   -.4096E+01   -.4112E+01   -.4130E+01   -.4154E+01   -.4181E+01   -.4219E+01   -.4258E+01   -.4303E+01   -.4302E+01   -.4302E+01   -.4302E+01   -.4302E+01   -.4302E+01
0.1189E+04   0.1482E+02   -.4002E+01   -.4003E+01   -.4004E+01   -.4004E+01   -.4005E+01   -.4006E+01   -.4007E+01   -.4008E+01   -.4009E+01   -.4010E+01   -.4011E+01   -.4013E+01   -.4014E+01   -.4016E+01   -.4017E+01   -.4019E+01   -.4021E+01   -.4023E+01   -.4026E+01   -.4028E+01   -.4032E+01   -.4035E+01   -.4039E+01   -.4043E+01   -.4049E+01   -.4054E+01   -.4061E+01   -.4069E+01   -.4079E+01   -.4091E+01   -.4105E+01   -.4122E+01   -.4144E+01   -.4171E+01   -.4205E+01   -.4243E+01   -.4242E+01   -.4242E+01   -.4242E+01   -.4242E+01   -.4242E+01
0.1190E+04   0.1535E+02   -.4002E+01   -.4003E+01   -.4003E+01   -.4004E+01   -.4005E+01   -.4005E+01   -.4006E+01   -.4007E+01   -.4008E+01   -.4009E+01   -.4010E+01   -.4011E+01   -.4012E+01   -.4014E+01   -.4015E+01   -.4017E+01   -.4018E+01   -.4020E+01   -.4022E+01   -.4024E+01   -.4027E+01   -.4030E+01   -.4033E+01   -.4037E+01   -.4041E+01   -.4046E+01   -.4051E+01   -.4057E+01   -.4065E+01   -.4074E+01   -.4084E+01   -.4097E+01   -.4112E+01   -.4133E+01   -.4156E+01   -.4187E+01   -.4186E+01   -.4186E+01   -.4186E+01   -.4186E+01   -.4186E+01
0.1191E+04   0.1594E+02   -.4002E+01   -.4002E+01   -.4003E+01   -.4003E+01   -.4004E+01   -.4005E+01   -.4005E+01   -.4006E+01   -.4007E+01   -.4008E+01   -.4009E+01   -.4009E+01   -.4011E+01   -.4012E+01   -.4013E+01   -.4014E+01   -.4016E+01   -.4017E+01   -.4019E+01   -.4021E+01   -.4023E+01   -.4025E+01   -.4028E+01   -.4030E+01   -.4034E+01   -.4037E+01   -.4042E+01   -.4047E+01   -.4053E+01   -.4059E+01   -.4067E+01   -.4076E+01   -.4087E+01   -.4101E+01   -.4118E+01   -.4138E+01   -.4138E+01   -.4138E+01   -.4138E+01   -.4138E+01   -.4138E+01
0.1192E+04   0.1660E+02   -.4001E+01   -.4002E+01   -.4003E+01   -.4003E+01   -.4003E+01   -.4004E+01   -.4005E+01   -.4005E+01   -.4006E+01   -.4006E+01   -.4007E+01   -.4008E+01   -.4009E+01   -.4010E+01   -.4011E+01   -.4012E+01   -.4013E+01   -.4014E+01   -.4016E+01   -.4017E+01   -.4019E+01   -.4021E+01   -.4023E+01   -.4025E+01   -.4028E+01   -.4031E+01   -.4034E+01   -.4038E+01   -.4042E+01   -.4047E+01   -.4053E+01   -.4059E+01   -.4067E+01   -.4077E+01   -.4088E+01   -.4103E+01   -.4102E+01   -.4102E+01   -.4102E+01   -.4102E+01   -.4102E+01
0.1193E+04   0.1735E+02   -.4001E+01   -.4002E+01   -.4002E+01   -.4003E+01   -.4003E+01   -.4003E+01   -.4004E+01   -.4004E+01   -.4005E+01   -.4005E+01   -.4006E+01   -.4006E+01   -.4007E+01   -.4008E+01   -.4008E+01   -.4009E+01   -.4010E+01   -.4011E+01   -.4012E+01   -.4014E+01   -.4015E+01   -.4016E+01   -.4018E+01   -.4020E+01   -.4022E+01   -.4024E+01   -.4027E+01   -.4030E+01   -.4033E+01   -.4037E+01   -.4041E+01   -.4046E+01   -.4051E+01   -.4058E+01   -.4066E+01   -.4076E+01   -.4075E+01   -.4075E+01   -.4075E+01   -.4075E+01   -.4075E+01
0.1194E+04   0.1818E+02   -.4001E+01   -.4002E+01   -.4002E+01   -.4002E+01   -.4002E+01   -.4003E+01   -.4003E+01   -.4003E+01   -.4004E+01   -.4004E+01   -.4004E+01   -.4005E+01   -.4005E+01   -.4006E+01   -.4006E+01   -.4007E+01   -.4008E+01   -.4008E+01   -.4009E+01   -.4010E+01   -.4011E+01   -.4012E+01   -.4014E+01   -.4015E+01   -.4017E+01   -.4019E+01   -.4021E+01   -.4023E+01   -.4025E+01   -.4028E+01   -.4031E+01   -.4035E+01   -.4039E+01   -.4044E+01   -.4049E+01   -.4056E+01   -.4055E+01   -.4055E+01   -.4055E+01   -.4055E+01   -.4055E+01
0.1195E+04   0.1912E+02   -.4001E+01   -.4001E+01   -.4002E+01   -.4002E+01   -.4002E+01   -.4002E+01   -.4002E+01   -.4002E+01   -.4002E+01   -.4003E+01   -.4003E+01   -.4003E+01   -.4003E+01   -.4004E+01   -.4004E+01   -.4005E+01   -.4005E+01   -.4006E+01   -.4006E+01   -.4007E+01   -.4008E+01   -.4009E+01   -.4010E+01   -.4011E+01   -.4012E+01   -.4013E+01   -.4015E+01   -.4016E+01   -.4018E+01   -.4020E+01   -.4023E+01   -.4026E+01   -.4028E+01   -.4032E+01   -.4036E+01   -.4041E+01   -.4040E+01   -.4040E+01   -.4040E+01   -.4040E+01   -.4040E+01
0.1196E+04   0.2017E+02   -.4001E+01   -.4001E+01   -.4001E+01   -.4001E+01   -.4001E+01   -.4001E+01   -.4001E+01   -.4001E+01   -.4001E+01   -.4001E+01   -.4001E+01   -.4001E+01   -.4002E+01   -.4002E+01   -.4002E+01   -.4002E+01   -.4002E+01   -.4003E+01   -.4003E+01   -.4004E+01   -.4004E+01   -.4005E+01   -.4005E+01   -.4006E+01   -.4007E+01   -.4008E+01   -.4009E+01   -.4010E+01   -.4012E+01   -.4013E+01   -.4015E+01   -.4017E+01   -.4020E+01   -.4022E+01   -.4025E+01   -.4028E+01   -.4028E+01   -.4028E+01   -.4028E+01   -.4028E+01   -.4028E+01
0.1197E+04   0.2135E+02   -.4001E+01   -.4001E+01   -.4001E+01   -.4001E+01   -.4001E+01   -.4001E+01   -.4000E+01   -.4000E+01   -.4000E+01   -.4000E+01   -.4000E+01   -.4000E+01   -.3999E+01   -.3999E+01   -.3999E+01   -.3999E+01   -.3999E+01   -.3999E+01   -.4000E+01   -.4000E+01   -.4000E+01   -.4000E+01   -.4001E+01   -.4001E+01   -.4002E+01   -.4003E+01   -.4003E+01   -.4004E+01   -.4005E+01   -.4007E+01   -.4007E+01   -.4009E+01   -.4011E+01   -.4013E+01   -.4015E+01   -.4018E+01   -.4018E+01   -.4018E+01   -.4018E+01   -.4018E+01   -.4018E+01
0.1183E+04   0.2267E+02   -.4001E+01   -.4001E+01   -.4001E+01   -.4001E+01   -.4000E+01   -.4000E+01   -.4000E+01   -.4000E+01   -.3999E+01   -.3999E+01   -.3999E+01   -.3998E+01   -.3998E+01   -.3998E+01   -.3998E+01   -.3998E+01   -.3998E+01   -.3997E+01   -.3998E+01   -.3998E+01   -.3998E+01   -.3998E+01   -.3998E+01   -.3998E+01   -.3999E+01   -.3999E+01   -.4000E+01   -.4000E+01   -.4002E+01   -.4002E+01   -.4004E+01   -.4004E+01   -.4006E+01   -.4008E+01   -.4010E+01   -.4012E+01   -.4011E+01   -.4011E+01   -.4011E+01   -.4011E+01   -.4011E+01
